# cycle	P.putida	Synechococcus	co2_e	C80aPHA_e	nh4_e	sucr_e
0.0	0.1	0.03	100.0	0.0	20.0	0.0
1.0	0.1	0.030067597977	99.99403000000001	0.0	19.9999907	0.00075
2.0	0.1	0.03013534827	100.22531993	0.02	19.914580222999998	0.0007516899494199999
3.0	0.1	0.030203251222	100.45717557	0.04	19.828893679	0.0007533837067499999
4.0	0.1	0.030271307178	100.68959818	0.06	19.742930446	0.00075508128056
5.0	0.1	0.030339516482	100.92258906	0.08	19.656689899999996	0.0007567826794600001
6.0	0.1	0.03040787948	101.15614947	0.1	19.570171418	0.00075848791206
7.0	0.1	0.030476396518	101.39028071	0.12	19.483374371	0.00076019698701
8.0	0.1	0.030545067943	101.62498405	0.14	19.396298134000002	0.00076190991295
9.0	0.1	0.030613894103	101.86026079	0.16	19.308942077	0.00076362669857
10.0	0.1	0.030682875346	102.09611222	0.18	19.221305568	0.0007653473525700001
11.0	0.1	0.030752012023	102.33253964	0.2	19.133387977	0.00076707188366
12.0	0.1	0.030821304483	102.56954433	0.22	19.04518867	0.0007688003005700001
13.0	0.1	0.030890753077	102.80712761	0.24	18.956707012	0.00077053261207
14.0	0.1	0.030960358157	103.04529078	0.26	18.867942367	0.00077226882693
15.0	0.1	0.031030120077	103.28403514	0.28	18.778894098	0.0007740089539400001
16.0	0.1	0.031100039188	103.523362	0.3	18.689561564	0.0007757530019100001
17.0	0.1	0.031170115846	103.76327268	0.32	18.599944127	0.0007775009797
18.0	0.1	0.031240350405	104.00376848	0.34	18.510041143	0.0007792528961399999
19.0	0.1	0.031310743221	104.24485074	0.36	18.419851969	0.00078100876011
20.0	0.1	0.031381294651	104.48652077	0.38	18.329375961	0.00078276858052
21.0	0.1	0.031452005052	104.72877989	0.4	18.238612472	0.00078453236626
22.0	0.1	0.031522874782	104.97162944	0.42	18.147560854	0.0007863001262899999
23.0	0.1	0.031593904201	105.21507073	0.44	18.056220459000002	0.0007880718695499999
24.0	0.1	0.031665093667	105.45910512	0.46	17.964590635	0.00078984760501
25.0	0.1	0.031736443543	105.70373392	0.48	17.87267073	0.00079162734168
26.0	0.1	0.031807954189	105.94895849	0.5	17.780460091	0.00079341108858
27.0	0.1	0.031879625967	106.19478017	0.52	17.687958063	0.0007951988547200001
28.0	0.1	0.031951459241	106.44120029	0.54	17.595163989	0.0007969906491799999
29.0	0.1	0.032023454375	106.68822021	0.56	17.50207721	0.00079878648103
30.0	0.1	0.032095611732	106.93584128	0.58	17.408697068	0.00080058635937
31.0	0.1	0.03216793168	107.18406485	0.6	17.315022901	0.0008023902933099999
32.0	0.1	0.032240414583	107.43289229	0.62	17.221054047	0.00080419829199
33.0	0.1	0.03231306081	107.68232495	0.64	17.126789842	0.0008060103645700001
34.0	0.1	0.032385870727	107.9323642	0.66	17.032229621	0.0008078265202399999
35.0	0.1	0.032458844706	108.18301140000001	0.68	16.937372715	0.00080964676819
36.0	0.1	0.032531983113	108.43426792	0.7	16.842218457999998	0.00081147111764
37.0	0.1	0.032605286321	108.68614088	0.72	16.746767699	0.0008132995778300001
38.0	0.1	0.032678754701	108.93864066	0.74	16.651022147	0.00081513215803
39.0	0.1	0.032752388625	109.19176866	0.76	16.554981136	0.00081696886753
40.0	0.1	0.032826188465	109.44552629	0.78	16.458644002	0.00081880971561
41.0	0.1	0.032900154596	109.69991498	0.8	16.362010076	0.00082065471162
42.0	0.1	0.032974287392	109.95493615	0.82	16.26507869	0.0008225038648899999
43.0	0.1	0.033048587229	110.21059122	0.84	16.167849174	0.0008243571847999999
44.0	0.1	0.033123054484	110.46688162	0.86	16.070320856	0.00082621468073
45.0	0.1	0.033197689533	110.72380878	0.88	15.972493063	0.0008280763620900001
46.0	0.1	0.033272492754	110.98137414	0.9	15.874365119	0.00082994223832
47.0	0.1	0.033347464528	111.23957914	0.92	15.77593635	0.0008318123188600001
48.0	0.1	0.033422605232	111.49842521	0.94	15.677206076	0.00083368661319
49.0	0.1	0.033497915249	111.7579138	0.96	15.578173618	0.0008355651307999999
50.0	0.1	0.033573394959	112.01804637	0.98	15.478838296	0.00083744788122
51.0	0.1	0.033649044745	112.27882435	1.0	15.379199427	0.0008393348739700001
52.0	0.1	0.033724864989	112.5402492	1.02	15.279256327	0.00084122611861
53.0	0.1	0.033800856078	112.80162138	1.04	15.179245872000001	0.0008431216247399999
54.0	0.1	0.033877018394	113.06274163	1.06	15.079235394000001	0.0008450214019400001
55.0	0.1	0.033953352324	113.32360938	1.08	14.979224892000001	0.00084692545984
56.0	0.1	0.034029858255	113.58422406	1.1	14.879214367000001	0.0008488338081
57.0	0.1	0.034106536574	113.8445851	1.12	14.779203817	0.0008507464563699999
58.0	0.1	0.03418338767	114.10469193	1.14	14.679193244	0.0008526634143500001
59.0	0.1	0.034260411931	114.36454399	1.16	14.579182647	0.0008545846917399999
60.0	0.1	0.034337609749	114.62414068	1.18	14.479172027	0.00085651029828
61.0	0.1	0.034414981514	114.88348145	1.2	14.379161382000001	0.00085844024372
62.0	0.1	0.034492527618	115.14256571	1.22	14.279150713	0.00086037453785
63.0	0.1	0.034570248454	115.40139288	1.24	14.179140020999998	0.0008623131904500001
64.0	0.1	0.034648144416	115.65996238	1.26	14.079129304	0.0008642562113500001
65.0	0.1	0.034726215898	115.91827364	1.28	13.979118563	0.0008662036104
66.0	0.1	0.034804463296	116.17632608	1.3	13.879107798	0.00086815539745
67.0	0.1	0.034882887006	116.43411909999999	1.32	13.779097009000001	0.0008701115824
68.0	0.1	0.034961487426	116.69165213	1.34	13.679086195	0.0008720721751599999
69.0	0.1	0.035040264953	116.94892457	1.36	13.579075357	0.0008740371856500001
70.0	0.1	0.035119219987	117.20593585	1.38	13.479064494000001	0.0008760066238300001
71.0	0.1	0.035198352928	117.46268537	1.4	13.379053607000001	0.00087798049968
72.0	0.1	0.035277664176	117.71917254	1.42	13.279042696	0.0008799588232
73.0	0.1	0.035357154134	117.97539677	1.44	13.17903176	0.0008819416043999999
74.0	0.1	0.035436823203	118.23135748	1.46	13.079020799	0.0008839288533400001
75.0	0.1	0.035516671788	118.48705406	1.48	12.979009814000001	0.0008859205800800001
76.0	0.1	0.035596700294	118.74248592	1.5	12.878998803	0.00088791679471
77.0	0.1	0.035676909124	118.99771962	1.52	12.778987768	0.00088991750734
78.0	0.1	0.035757298687	119.25268741	1.54	12.678976709	0.00089192272811
79.0	0.1	0.035837869389	119.50738868	1.56	12.578965624	0.0008939324671799999
80.0	0.1	0.035918621638	119.76182284	1.58	12.478954514000002	0.0008959467347200001
81.0	0.1	0.035999555843	120.01598928	1.6	12.378943379	0.0008979655409400001
82.0	0.1	0.036080672414	120.26988741	1.62	12.278932219000001	0.00089998889607
83.0	0.1	0.036161971763	120.52351661	1.64	12.178921034000002	0.00090201681035
84.0	0.1	0.0362434543	120.77687629	1.66	12.078909824	0.00090404929407
85.0	0.1	0.03632512044	121.02996583	1.68	11.978898589000002	0.00090608635751
86.0	0.1	0.036406970595	121.28278462	1.7	11.878887328	0.000908128011
87.0	0.1	0.03648900518	121.53533206	1.72	11.778876042	0.00091017426488
88.0	0.1	0.036571224611	121.78760753	1.74	11.67886473	0.00091222512951
89.0	0.1	0.036653629304	122.03961042	1.76	11.578853393	0.0009142806152799999
90.0	0.1	0.036736219677	122.29134012	1.78	11.478842031	0.00091634073261
91.0	0.1	0.036818996148	122.54279601	1.8	11.378830642	0.00091840549193
92.0	0.1	0.036901959136	122.79397748	1.82	11.278819228	0.0009204749037
93.0	0.1	0.036985109062	123.04488390000002	1.84	11.178807789	0.00092254897841
94.0	0.1	0.037068446347	123.29551465	1.86	11.078796322999999	0.00092462772656
95.0	0.1	0.037151971413	123.54586912	1.88	10.978784832	0.0009267111586799999
96.0	0.1	0.037235684683	123.79594668	1.9	10.878773315	0.00092879928533
97.0	0.1	0.037319586582	124.04574861	1.92	10.778761772000001	0.0009308921170900001
98.0	0.1	0.037403677534	124.29527238	1.94	10.678750203	0.00093298966455
99.0	0.1	0.037487957964	124.54451737	1.96	10.578738608	0.0009350919383400001
100.0	0.1	0.037572428302	124.79348294	1.98	10.478726987	0.00093719894911
101.0	0.1	0.037657088973	125.04358817	2.0	10.378715339	0.00093931070754
102.0	0.1	0.037741940407	125.29199717	2.02	10.278703665	0.0009414272243200001
103.0	0.1	0.037826983034	125.54178044	2.04	10.178691965	0.00094354851018
104.0	0.1	0.037912217285	125.79128178	2.06	10.078680239	0.0009456745758600001
105.0	0.1	0.037997643591	126.03907597	2.08	9.9786684863	0.00094780543213
106.0	0.1	0.038083262386	126.28634278	2.1	9.878656707000001	0.0009499410897899999
107.0	0.1	0.038169074102	126.53332573	2.12	9.7786449012	0.00095208155965
108.0	0.1	0.038255079175	126.78026424	2.14	9.6786330688	0.0009542268525499999
109.0	0.1	0.03834127804	127.02691761	2.16	9.5786212097	0.0009563769793799999
110.0	0.1	0.038427671135	127.26656632	2.18	9.4786093239	0.00095853195101
111.0	0.1	0.038514258895	127.50582841	2.2	9.3785974113	0.00096069177836
112.0	0.1	0.038601041761	127.75162253	2.22	9.278585471900001	0.00096285647238
113.0	0.1	0.038688020172	127.99712895	2.24	9.1785735056	0.00096502604404
114.0	0.1	0.038775194569	128.242347	2.26	9.0785615123	0.00096720050431
115.0	0.1	0.038862565392	128.48727605	2.28	8.978549492	0.0009693798642200001
116.0	0.1	0.038950133086	128.73191545	2.3	8.878537444600001	0.0009715641348099999
117.0	0.1	0.039037898092	128.97626453	2.32	8.7785253701	0.00097375332714
118.0	0.1	0.039125860856	129.22008262	2.34	8.6785132683	0.0009759474523
119.0	0.1	0.039214021824	129.46360908	2.36	8.5785011393	0.00097814652141
120.0	0.1	0.039302381442	129.70826296	2.38	8.478488983	0.00098035054561
121.0	0.1	0.039390940158	129.9526239	2.4	8.3784767992	0.00098255953606
122.0	0.1	0.03947969842	130.1952757	2.42	8.278464588	0.00098477350395
123.0	0.1	0.039568656678	130.43763324	2.44	8.178452349299999	0.0009869924605
124.0	0.1	0.039657815383	130.67969586	2.46	8.078440083	0.00098921641695
125.0	0.1	0.039747174986	130.92146289	2.48	7.9784277890999995	0.00099144538457
126.0	0.1	0.039836735939	131.1550251	2.5	7.8784154675	0.00099367937464
127.0	0.1	0.039926498698	131.38818652	2.52	7.778403118099999	0.00099591839849
128.0	0.1	0.040016463716	131.62094984	2.54	7.6783907409	0.00099816246745
129.0	0.1	0.040106631449	131.86152786	2.56	7.5783783358	0.0010004115929
130.0	0.1	0.040197002354	132.10180281	2.58	7.4783659027	0.0010026657862
131.0	0.1	0.040287576888	132.34177816	2.6	7.3783534417	0.0010049250588
132.0	0.1	0.040378355511	132.58145323	2.62	7.2783409525	0.0010071894222000001
133.0	0.1	0.040469338683	132.82082734	2.64	7.1783284352	0.0010094588878
134.0	0.1	0.040560526863	133.05989982	2.66	7.078315889700001	0.0010117334671
135.0	0.1	0.040651920515	133.29866999	2.68	6.978303316	0.0010140131716
136.0	0.1	0.040743520101	133.5371413	2.7	6.8782907139	0.0010162980129
137.0	0.1	0.040835326085	133.77530479	2.72	6.7782780834	0.0010185880025
138.0	0.1	0.040927338933	134.01316393	2.74	6.6782654244	0.0010208831521
139.0	0.1	0.04101955911	134.25071801	2.76	6.578252736900001	0.0010231834732999999
140.0	0.1	0.041111987084	134.48796637	2.78	6.4782400209	0.0010254889778
141.0	0.1	0.041204623322	134.7249083	2.8	6.3782272762	0.0010277996771
142.0	0.1	0.041297468295	134.96154311	2.82	6.2782145027	0.0010301155831
143.0	0.1	0.041390522471	135.19787012	2.84	6.1782017005	0.0010324367074
144.0	0.1	0.041483786324	135.42386962	2.86	6.078188869500001	0.0010347630618
145.0	0.1	0.041577260325	135.64945176	2.88	5.9781760095	0.0010370946581000002
146.0	0.1	0.041670944948	135.87688258	2.9	5.878163120499999	0.0010394315081
147.0	0.1	0.041764840667	136.10162717	2.92	5.7781502025	0.0010417736237
148.0	0.1	0.041858947958	136.32595157	2.94	5.678137255399999	0.0010441210167
149.0	0.1	0.041953267298	136.54985483	2.96	5.5781242792	0.0010464736989
150.0	0.1	0.042047799164	136.77560299	2.98	5.4781112736	0.0010488316824
151.0	0.1	0.042142544036	137.00092812	3.0	5.3780982388	0.0010511949791
152.0	0.1	0.042237502393	137.22582925	3.02	5.2780851746	0.0010535636009
153.0	0.1	0.042332674717	137.44803845	3.04	5.178072081	0.0010559375598
154.0	0.1	0.042428061489	137.66982174	3.06	5.078058957900001	0.0010583168679
155.0	0.1	0.042523663193	137.89139037	3.08	4.9780458052	0.0010607015372
156.0	0.1	0.042619480313	138.11253118	3.1	4.8780326229	0.0010630915797999998
157.0	0.1	0.042715513335	138.33324319999997	3.12	4.7780194108	0.0010654870078
158.0	0.1	0.042811762744	138.55352546	3.14	4.678006169	0.0010678878333999998
159.0	0.1	0.042908229029	138.77337699	3.16	4.5779928974	0.0010702940686
160.0	0.1	0.043004912678	138.99279684	3.18	4.4779795958	0.0010727057257
161.0	0.1	0.043101814181	139.2138388	3.2	4.3779662643	0.0010751228170000002
162.0	0.1	0.043198934029	139.43444712	3.22	4.2779529027	0.0010775453545
163.0	0.1	0.043296272714	139.65256244	3.24	4.1779395111	0.0010799733507
164.0	0.1	0.043393830729	139.87024216	3.26	4.0779260892	0.0010824068178
165.0	0.1	0.043491608567	140.08749729	3.28	3.9779126370999998	0.0010848457682
166.0	0.1	0.043589606726	140.30431486	3.3	3.8778991547	0.0010872902142
167.0	0.1	0.0436878257	140.52069387	3.32	3.7778856418999998	0.0010897401681
168.0	0.1	0.043786265988	140.73662496	3.34	3.6778720987	0.0010921956425
169.0	0.1	0.043884928088	140.95211552	3.36	3.577858525	0.0010946566497
170.0	0.1	0.043983812499	141.16696435	3.38	3.4778449206	0.0010971232022
171.0	0.1	0.044082919724	141.38137066	3.4	3.3778312857	0.0010995953125
172.0	0.1	0.044182250264	141.59533346	3.42	3.27781762	0.0011020729931
173.0	0.1	0.044281804621	141.80885175	3.44	3.1778039235000004	0.0011045562566
174.0	0.1	0.044381583301	142.02192453	3.46	3.0777901961	0.0011070451155
175.0	0.1	0.044481586809	142.23475939	3.48	2.9777764378	0.0011095395825
176.0	0.1	0.044581815652	142.44714672	3.5	2.8777626485	0.0011120396702
177.0	0.1	0.044682270337	142.65908553	3.52	2.7777488282	0.0011145453913
178.0	0.1	0.044782951373	142.87057479	3.54	2.6777349767	0.0011170567584
179.0	0.1	0.04488385927	143.08161349	3.56	2.5777210938999997	0.0011195737843
180.0	0.1	0.044984994539	143.29219703	3.58	2.4777071799	0.0011220964817
181.0	0.1	0.045086357693	143.50211458	3.6	2.3776932346	0.0011246248635
182.0	0.1	0.045187949245	143.71157493	3.62	2.2776792578	0.0011271589422999998
183.0	0.1	0.04528976971	143.92058065	3.64	2.1776652496	0.0011296987311
184.0	0.1	0.045391819604	144.14843112	3.66	2.0776512097	0.0011322442427999999
185.0	0.1	0.045494099443	144.37598201	3.68	1.9776371383000002	0.0011347954901
186.0	0.1	0.045596609745	144.60323263	3.7	1.8776230350999998	0.0011373524861
187.0	0.1	0.045699351031	144.83018232	3.72	1.7776089001	0.0011399152436
188.0	0.1	0.04580232382	145.05683039	3.74	1.6775947333	0.0011424837758
189.0	0.1	0.045905528634	145.28317616	3.76	1.5775805346	0.0011450580955
190.0	0.1	0.046008965996	145.50921896	3.78	1.4775663038999998	0.0011476382159
191.0	0.1	0.04611263643	145.7349581	3.8	1.3775520411000002	0.0011502241499
192.0	0.1	0.046216540461	145.96039289	3.82	1.2775377462000002	0.0011528159108
193.0	0.1	0.046320678616	146.13989109999997	3.84	1.1775234191	0.0011554135115
194.0	0.1	0.046425051421	146.31870953	3.86	1.0775090596999999	0.0011580169654
195.0	0.1	0.046529659406	146.54322801	3.88	0.9774946679100001	0.0011606262854999998
196.0	0.1	0.046634503101	146.76743939	3.9	0.8774802437200001	0.0011632414852
197.0	0.1	0.046739583036	146.99134298	3.92	0.7774657870199999	0.0011658625775
198.0	0.1	0.046844899745	147.21493809	3.94	0.67745129775	0.0011684895759
199.0	0.1	0.04695045376	147.43822403	3.96	0.5774367758300001	0.0011711224935999998
200.0	0.1	0.047056245616	147.66120008	3.98	0.47742222118999994	0.0011737613439999999
201.0	0.1	0.047162275849	147.88386557	4.0	0.37740763375	0.0011764061404
202.0	0.1	0.047268544997	148.10621979	4.02	0.27739301345	0.0011790568962
203.0	0.1	0.047375053598	148.32826203	4.04	0.1773783602	0.0011817136249
204.0	0.1	0.04748180219	148.55024108	4.06	0.07736367393299999	0.0011843763399
205.0	0.1	0.047588791316	148.77190674	4.08	0.0	0.0011870450548
206.0	0.1	0.047696021516	149.08258215	4.1	0.0	0.0011897197829000001
207.0	0.1	0.047803493335	149.39238032	4.12	0.0	0.0011924005379
208.0	0.1	0.047911207316	149.70129925	4.14	0.0	0.0011950873334000002
209.0	0.1	0.048019164005	150.00933697	4.16	0.0	0.0011977801829000001
210.0	0.1	0.04812736395	150.3164915	4.18	0.0	0.0012004791000999999
211.0	0.1	0.048235807698	150.62276084	4.2	0.0	0.0012031840988
212.0	0.1	0.048344495798	150.928143	4.22	0.0	0.0012058951924
213.0	0.1	0.048453428802	151.23263599	4.24	0.0	0.001208612395
214.0	0.1	0.048562607261	151.53623779	4.26	0.0	0.00121133572
215.0	0.1	0.048672031727	151.83894640000003	4.28	0.0	0.0012140651815
216.0	0.1	0.048781702756	152.14075981	4.3	0.0	0.0012168007932000001
217.0	0.1	0.048891620904	152.44167599	4.32	0.0	0.0012195425689000001
218.0	0.1	0.049001786726	152.74169294	4.34	0.0	0.0012222905226
219.0	0.1	0.04911220078	153.04080862	4.36	0.0	0.0012250446680999998
220.0	0.1	0.049222863628	153.339021	4.38	0.0	0.0012278050195000001
221.0	0.1	0.049333775827	153.63632804	4.4	0.0	0.0012305715907000002
222.0	0.1	0.049444937942	153.93272771	4.42	0.0	0.0012333443957
223.0	0.1	0.049556350534	154.22821796	4.44	0.0	0.0012361234485
224.0	0.1	0.049668014169	154.52279674	4.46	0.0	0.0012389087634
225.0	0.1	0.049779929411	154.816462	4.48	0.0	0.0012417003542
226.0	0.1	0.049892096829	155.10921168	4.5	0.0	0.0012444982352999999
227.0	0.1	0.050004516989	155.40104372	4.52	0.0	0.0012473024207
228.0	0.1	0.050117190462	155.69195605	4.54	0.0	0.0012501129247
229.0	0.1	0.050230117818	155.98198273	4.56	0.0	0.0012529297615
230.0	0.1	0.050343299629	156.27198693	4.58	0.0	0.0012557529454
231.0	0.1	0.050456736469	156.56196862	4.6	0.0	0.0012585824907
232.0	0.1	0.050570428913	156.85192773	4.62	0.0	0.0012614184117
233.0	0.1	0.050684377535	157.14186421	4.64	0.0	0.0012642607227999999
234.0	0.1	0.050798582915	157.43177802	4.66	0.0	0.0012671094384
235.0	0.1	0.050913045629	157.72166909999999	4.68	0.0	0.0012699645729
236.0	0.1	0.051027766259	158.01153741	4.7	0.0	0.0012728261407000002
237.0	0.1	0.051142745384	158.30138288	4.72	0.0	0.0012756941565
238.0	0.1	0.051257983588	158.59120547	4.74	0.0	0.0012785686345999998
239.0	0.1	0.051373481454	158.88100514	4.76	0.0	0.0012814495897
240.0	0.1	0.051489239568	159.17078181	4.78	0.0	0.0012843370364
241.0	0.1	0.051605258515	159.46053545	4.8	0.0	0.0012872309892
242.0	0.1	0.051721538885	159.75026601	4.82	0.0	0.0012901314629000001
243.0	0.1	0.051838081264	160.03997342	4.84	0.0	0.0012930384721
244.0	0.1	0.051954886245	160.32965764	4.86	0.0	0.0012959520316
245.0	0.1	0.052071954418	160.61931862	4.88	0.0	0.0012988721560999999
246.0	0.1	0.052189286377	160.9089563	4.9	0.0	0.0013017988605
247.0	0.1	0.052306882716	161.19857063	4.92	0.0	0.0013047321594
248.0	0.1	0.052424744031	161.48816156	4.94	0.0	0.0013076720679
249.0	0.1	0.052542870919	161.77772904	4.96	0.0	0.0013106186008
250.0	0.1	0.052661263978	162.06727301	4.98	0.0	0.001313571773
251.0	0.1	0.052779923808	162.35679342	5.0	0.0	0.0013165315994
252.0	0.1	0.05289885101	162.64629021	5.02	0.0	0.0013194980952000001
253.0	0.1	0.053018046187	162.93576334	5.04	0.0	0.0013224712753
254.0	0.1	0.053137509943	163.22521275	5.06	0.0	0.0013254511547000003
255.0	0.1	0.053257242882	163.51463839	5.08	0.0	0.0013284377486000002
256.0	0.1	0.053377245611	163.80404019	5.1	0.0	0.001331431072
257.0	0.1	0.053497518738	164.09341812	5.12	0.0	0.0013344311403
258.0	0.1	0.053618062872	164.38277212	5.14	0.0	0.0013374379683999999
259.0	0.1	0.053738878625	164.67210212	5.16	0.0	0.0013404515718
260.0	0.1	0.053859966607	164.96140808	5.18	0.0	0.0013434719655999999
261.0	0.1	0.053981327433	165.25068995	5.2	0.0	0.0013464991652
262.0	0.1	0.054102961717	165.53994767	5.22	0.0	0.0013495331858
263.0	0.1	0.054224870076	165.82918118	5.24	0.0	0.0013525740429
264.0	0.1	0.054347053126	166.11839043	5.26	0.0	0.0013556217519000002
265.0	0.1	0.054469511487	166.40757536	5.28	0.0	0.0013586763282
266.0	0.1	0.05459224578	166.69673593	5.3	0.0	0.0013617377872
267.0	0.1	0.054715256626	166.98587208	5.32	0.0	0.0013648061445
268.0	0.1	0.054838544647	167.27498374	5.34	0.0	0.0013678814156
269.0	0.1	0.05496211047	167.56407087	5.36	0.0	0.0013709636162
270.0	0.1	0.055085954719	167.85313341	5.38	0.0	0.0013740527617
271.0	0.1	0.055210078022	168.14217130000003	5.4	0.0	0.0013771488680000001
272.0	0.1	0.055334481008	168.4311845	5.42	0.0	0.0013802519505000002
273.0	0.1	0.055459164307	168.72017294	5.44	0.0	0.0013833620251999998
274.0	0.1	0.05558412855	169.00913656	5.46	0.0	0.0013864791077
275.0	0.1	0.055709374371	169.29807532	5.48	0.0	0.0013896032138000002
276.0	0.1	0.055834902405	169.58698916	5.5	0.0	0.0013927343593
277.0	0.1	0.055960713286	169.87587801	5.52	0.0	0.0013958725600999998
278.0	0.1	0.056086807653	170.16474183	5.54	0.0	0.0013990178322000001
279.0	0.1	0.056213186144	170.45358055	5.56	0.0	0.0014021701913
280.0	0.1	0.056339849399	170.74239413	5.58	0.0	0.0014053296536
281.0	0.1	0.05646679806	171.0311825	5.6	0.0	0.001408496235
282.0	0.1	0.05659403277	171.31994561	5.62	0.0	0.0014116699515
283.0	0.1	0.056721554174	171.60868339	5.64	0.0	0.0014148508192999999
284.0	0.1	0.056849362918	171.8973958	5.66	0.0	0.0014180388544000001
285.0	0.1	0.056977459649	172.18608278	5.68	0.0	0.0014212340729
286.0	0.1	0.057105845015	172.47474427	5.7	0.0	0.0014244364912000002
287.0	0.1	0.057234519668	172.7633802	5.72	0.0	0.0014276461254
288.0	0.1	0.057363484259	173.05199053	5.74	0.0	0.0014308629917
289.0	0.1	0.057492739442	173.3405752	5.76	0.0	0.0014340871065
290.0	0.1	0.057622285871	173.62913415	5.78	0.0	0.0014373184860999998
291.0	0.1	0.057752124203	173.91766731	5.8	0.0	0.0014405571468
292.0	0.1	0.057882255095	174.20617464	5.82	0.0	0.0014438031051
293.0	0.1	0.058012679206	174.49465607	5.84	0.0	0.0014470563774
294.0	0.1	0.058143397198	174.78311155	5.86	0.0	0.0014503169801
295.0	0.1	0.058274409732	175.07154101	5.88	0.0	0.0014535849299
296.0	0.1	0.058405717472	175.35994440000002	5.9	0.0	0.0014568602432999999
297.0	0.1	0.058537321083	175.64832167	5.92	0.0	0.0014601429368
298.0	0.1	0.058669221232	175.93667274	5.94	0.0	0.0014634330270999999
299.0	0.1	0.058801418587	176.22499756	5.96	0.0	0.0014667305307999997
300.0	0.1	0.058933913818	176.51329608	5.98	0.0	0.0014700354647
301.0	0.1	0.059066707597	176.80156823	6.0	0.0	0.0014733478455000002
302.0	0.1	0.059199800594	177.08981396	6.02	0.0	0.0014766676899
303.0	0.1	0.059333193486	177.3780332	6.04	0.0	0.0014799950148999999
304.0	0.1	0.059466886947	177.66622589	6.06	0.0	0.0014833298372000001
305.0	0.1	0.059600881656	177.95439198	6.08	0.0	0.0014866721737
306.0	0.1	0.05973517829	178.24253141	6.1	0.0	0.0014900220414
307.0	0.1	0.05986977753	178.53064411	6.12	0.0	0.0014933794572000003
308.0	0.1	0.060004680058	178.81873002	6.14	0.0	0.0014967444382
309.0	0.1	0.060139886557	179.10678909	6.16	0.0	0.0015001170014
310.0	0.1	0.060275397712	179.39482125	6.18	0.0	0.0015034971639000002
311.0	0.1	0.06041121421	179.68282645	6.2	0.0	0.0015068849427999997
312.0	0.1	0.060547336739	179.97080461	6.22	0.0	0.0015102803552999998
313.0	0.1	0.060683765988	180.25875569	6.24	0.0	0.0015136834184999999
314.0	0.1	0.060820502648	180.54667963	6.26	0.0	0.0015170941497
315.0	0.1	0.060957547412	180.83457635	6.28	0.0	0.0015205125662
316.0	0.1	0.061094900975	181.12244579	6.3	0.0	0.0015239386853
317.0	0.1	0.061232564032	181.41028791	6.32	0.0	0.0015273725244000001
318.0	0.1	0.06137053728	181.69810263	6.34	0.0	0.0015308141008
319.0	0.1	0.061508821419	181.98588989	6.36	0.0	0.0015342634320000001
320.0	0.1	0.061647417148	182.27364964	6.38	0.0	0.0015377205355
321.0	0.1	0.061786325171	182.56138180000002	6.4	0.0	0.0015411854287
322.0	0.1	0.06192554619	182.84908632	6.42	0.0	0.0015446581293
323.0	0.1	0.062065080911	183.13676314	6.44	0.0	0.0015481386548000001
324.0	0.1	0.062204930042	183.42441219	6.46	0.0	0.0015516270228
325.0	0.1	0.062345094289	183.7120334	6.48	0.0	0.001555123251
326.0	0.1	0.062485574364	183.99962673	6.5	0.0	0.0015586273572
327.0	0.1	0.062626370977	184.2871921	6.52	0.0	0.0015621393591
328.0	0.1	0.062767484843	184.57472945	6.54	0.0	0.0015656592744
329.0	0.1	0.062908916676	184.86223872	6.56	0.0	0.0015691871211
330.0	0.1	0.063050667193	185.14971985	6.58	0.0	0.0015727229169
331.0	0.1	0.063192737111	185.43717277	6.6	0.0	0.0015762666798
332.0	0.1	0.06333512715	185.72459741	6.62	0.0	0.0015798184278
333.0	0.1	0.063477838032	186.01199372	6.64	0.0	0.0015833781787999998
334.0	0.1	0.06362087048	186.29936163	6.66	0.0	0.0015869459508
335.0	0.1	0.063764225217	186.58670108	6.68	0.0	0.001590521762
336.0	0.1	0.063907902971	186.87401200000002	6.7	0.0	0.0015941056304000002
337.0	0.1	0.06405190447	187.16129433	6.72	0.0	0.0015976975743
338.0	0.1	0.064196230442	187.448548	6.74	0.0	0.0016012976117000001
339.0	0.1	0.064340881618	187.73577295	6.76	0.0	0.001604905761
340.0	0.1	0.064485858732	188.02296911	6.78	0.0	0.0016085220405
341.0	0.1	0.064631162519	188.31013643	6.8	0.0	0.0016121464682999998
342.0	0.1	0.064776793713	188.59727482	6.82	0.0	0.001615779063
343.0	0.1	0.064922753053	188.88438424	6.84	0.0	0.0016194198428000001
344.0	0.1	0.065069041278	189.17146461	6.86	0.0	0.0016230688263
345.0	0.1	0.06521565913	189.45851588	6.88	0.0	0.001626726032
346.0	0.1	0.065362607351	189.74553796	6.9	0.0	0.0016303914782000001
347.0	0.1	0.065509886684	190.03253080000002	6.92	0.0	0.0016340651838
348.0	0.1	0.065657497878	190.31949433	6.94	0.0	0.0016377471670999998
349.0	0.1	0.065805441679	190.60642849	6.96	0.0	0.0016414374469000002
350.0	0.1	0.065953718836	190.89333321	6.98	0.0	0.001645136042
351.0	0.1	0.066102330102	191.18020842	7.0	0.0	0.0016488429709000001
352.0	0.1	0.066251276228	191.46705405	7.02	0.0	0.0016525582525
353.0	0.1	0.066400557969	191.75387005	7.04	0.0	0.0016562819057000001
354.0	0.1	0.066550176082	192.04065634	7.06	0.0	0.0016600139492
355.0	0.1	0.066700131324	192.32741285	7.08	0.0	0.001663754402
356.0	0.1	0.066850424455	192.61413953	7.1	0.0	0.0016675032831
357.0	0.1	0.067001056236	192.90083629	7.12	0.0	0.0016712606114
358.0	0.1	0.067152027431	193.18750308	7.14	0.0	0.0016750264059
359.0	0.1	0.067303338805	193.47413983	7.16	0.0	0.0016788006858
360.0	0.1	0.067454991123	193.76074647	7.18	0.0	0.0016825834701
361.0	0.1	0.067606985154	194.04732292	7.2	0.0	0.0016863747780999998
362.0	0.1	0.067759321667	194.33386913	7.22	0.0	0.0016901746288000001
363.0	0.1	0.067912001436	194.62038503	7.24	0.0	0.0016939830417000003
364.0	0.1	0.068065025233	194.90687054	7.26	0.0	0.0016978000359000002
365.0	0.1	0.068218393833	195.1933256	7.28	0.0	0.0017016256308
366.0	0.1	0.068372108013	195.47975014	7.3	0.0	0.0017054598457999998
367.0	0.1	0.068526168552	195.76614409	7.32	0.0	0.0017093027002999998
368.0	0.1	0.068680576231	196.05250738	7.34	0.0	0.0017131542137999998
369.0	0.1	0.068835331831	196.33883995	7.36	0.0	0.0017170144058
370.0	0.1	0.068990436137	196.62514172	7.38	0.0	0.0017208832957999998
371.0	0.1	0.069145889933	196.91141262	7.4	0.0	0.0017247609033999999
372.0	0.1	0.069301694009	197.19765259	7.42	0.0	0.0017286472483
373.0	0.1	0.069457849153	197.48386155	7.44	0.0	0.0017325423502
374.0	0.1	0.069614356155	197.77003944	7.46	0.0	0.0017364462287999998
375.0	0.1	0.06977121581	198.05618618	7.48	0.0	0.0017403589039000002
376.0	0.1	0.069928428911	198.34230171	7.5	0.0	0.0017442803951999999
377.0	0.1	0.070085996255	198.62838595	7.52	0.0	0.0017482107228
378.0	0.1	0.07024391864	198.91443884	7.54	0.0	0.0017521499064000001
379.0	0.1	0.070402196866	199.2004603	7.56	0.0	0.001756097966
380.0	0.1	0.070560831736	199.48645026	7.58	0.0	0.0017600549217000002
381.0	0.1	0.070719824051	199.77240866	7.6	0.0	0.0017640207934
382.0	0.1	0.070879174619	200.05833541	7.62	0.0	0.0017679956012999999
383.0	0.1	0.071038884246	200.34423045	7.64	0.0	0.0017719793655000002
384.0	0.1	0.071198953741	200.63009372	7.66	0.0	0.0017759721060999999
385.0	0.1	0.071359383915	200.91592513	7.68	0.0	0.0017799738435000001
386.0	0.1	0.071520175581	201.20172461	7.7	0.0	0.0017839845979000003
387.0	0.1	0.071681329554	201.48749209	7.72	0.0	0.0017880043895000001
388.0	0.1	0.071842846649	201.77322751	7.74	0.0	0.0017920332388
389.0	0.1	0.072004727685	202.05893078	7.76	0.0	0.0017960711662000002
390.0	0.1	0.072166973482	202.34460184	7.78	0.0	0.0018001181920999998
391.0	0.1	0.072329584863	202.63024061	7.8	0.0	0.0018041743370999998
392.0	0.1	0.072492562649	202.91584703	7.82	0.0	0.0018082396215999999
393.0	0.1	0.072655907668	203.20142101	7.84	0.0	0.0018123140661999999
394.0	0.1	0.072819620747	203.48696248	7.86	0.0	0.0018163976917000002
395.0	0.1	0.072983702715	203.77247138	7.88	0.0	0.0018204905187
396.0	0.1	0.073148154404	204.05794762	7.9	0.0	0.0018245925679000001
397.0	0.1	0.073312976645	204.34339114	7.92	0.0	0.0018287038600999998
398.0	0.1	0.073478170275	204.62880185	7.94	0.0	0.0018328244160999998
399.0	0.1	0.07364373613	204.91417969999998	7.96	0.0	0.0018369542569
400.0	0.1	0.073809675049	205.19952459	7.98	0.0	0.0018410934033
401.0	0.1	0.073975987873	205.48483647	8.0	0.0	0.0018452418762000002
402.0	0.1	0.074142675443	205.77011525	8.02	0.0	0.0018493996968000001
403.0	0.1	0.074309738605	206.05536086	8.04	0.0	0.0018535668860999999
404.0	0.1	0.074477178205	206.34057322	8.06	0.0	0.0018577434651
405.0	0.1	0.074644995091	206.62575226	8.08	0.0	0.0018619294550999998
406.0	0.1	0.074813190112	206.9108979	8.1	0.0	0.0018661248772999998
407.0	0.1	0.074981764122	207.19601008	8.12	0.0	0.0018703297527999999
408.0	0.1	0.075150717974	207.48108871	8.14	0.0	0.0018745441030999998
409.0	0.1	0.075320052524	207.76613372	8.16	0.0	0.0018787679494000002
410.0	0.1	0.07548976863	208.05114503	8.18	0.0	0.0018830013131
411.0	0.1	0.075659867151	208.33612256	8.2	0.0	0.0018872442157000001
412.0	0.1	0.075830348949	208.62106625	8.22	0.0	0.0018914966788
413.0	0.1	0.076001214888	208.90597601	8.24	0.0	0.0018957587236999999
414.0	0.1	0.076172465834	209.19085177	8.26	0.0	0.0019000303722
415.0	0.1	0.076344102653	209.47569345	8.28	0.0	0.0019043116457999997
416.0	0.1	0.076516126216	209.76050097	8.3	0.0	0.0019086025662999999
417.0	0.1	0.076688537394	210.04527426	8.32	0.0	0.0019129031554
418.0	0.1	0.07686133706	210.33001324	8.34	0.0	0.0019172134348
419.0	0.1	0.077034526089	210.61471784	8.36	0.0	0.0019215334265
420.0	0.1	0.077208105359	210.89938796	8.38	0.0	0.0019258631522
421.0	0.1	0.07738207575	211.18402355	8.4	0.0	0.0019302026339999999
422.0	0.1	0.077556438142	211.46862452	8.42	0.0	0.0019345518938
423.0	0.1	0.077731193419	211.75319079	8.44	0.0	0.0019389109535999998
424.0	0.1	0.077906342467	212.03772228	8.46	0.0	0.0019432798355000001
425.0	0.1	0.078081886171	212.32221892	8.48	0.0	0.0019476585617000002
426.0	0.1	0.078257825422	212.60668062	8.5	0.0	0.0019520471542999998
427.0	0.1	0.078434161111	212.89110732	8.52	0.0	0.0019564456356
428.0	0.1	0.078610894132	213.17549892	8.54	0.0	0.0019608540278
429.0	0.1	0.078788025378	213.45985535	8.56	0.0	0.0019652723533
430.0	0.1	0.078965555749	213.74417653	8.58	0.0	0.0019697006345
431.0	0.1	0.079143486143	214.02846239	8.6	0.0	0.0019741388937
432.0	0.1	0.079321817461	214.31271283	8.62	0.0	0.0019785871536
433.0	0.1	0.079500550607	214.59692779	8.64	0.0	0.0019830454365
434.0	0.1	0.079679686486	214.88110718	8.66	0.0	0.0019875137652
435.0	0.1	0.079859226006	215.16525092	8.68	0.0	0.0019919921622
436.0	0.1	0.080039170077	215.44935894	8.7	0.0	0.0019964806502000003
437.0	0.1	0.080219519609	215.73343114	8.72	0.0	0.0020009792519
438.0	0.1	0.080400275517	216.01746746	8.74	0.0	0.0020054879902
439.0	0.1	0.080581438715	216.30146780000004	8.76	0.0	0.0020100068879
440.0	0.1	0.080763010123	216.5854321	8.78	0.0	0.0020145359679
441.0	0.1	0.080944990659	216.86936026	8.8	0.0	0.0020190752531
442.0	0.1	0.081127381246	217.15325221	8.82	0.0	0.0020236247665
443.0	0.1	0.081310182808	217.43710786	8.84	0.0	0.0020281845312
444.0	0.1	0.08149339627	217.72092713	8.86	0.0	0.0020327545702
445.0	0.1	0.08167702256	218.00470994	8.88	0.0	0.0020373349067
446.0	0.1	0.08186106261	218.28845622	8.9	0.0	0.002041925564
447.0	0.1	0.08204551735	218.57216587	8.92	0.0	0.0020465265652
448.0	0.1	0.082230387716	218.85583881	8.94	0.0	0.0020511379337999998
449.0	0.1	0.082415674644	219.13947496	8.96	0.0	0.0020557596929000003
450.0	0.1	0.082601379073	219.42307424	8.98	0.0	0.0020603918661
451.0	0.1	0.082787501944	219.70663657	9.0	0.0	0.0020650344768
452.0	0.1	0.082974044198	219.99016185	9.02	0.0	0.0020696875486
453.0	0.1	0.083161006782	220.27365002	9.04	0.0	0.002074351105
454.0	0.1	0.083348390643	220.55710098	9.06	0.0	0.0020790251696
455.0	0.1	0.083536196729	220.84051465	9.08	0.0	0.0020837097661
456.0	0.1	0.083724425992	221.12389095	9.1	0.0	0.0020884049182
457.0	0.1	0.083913079386	221.40722979	9.12	0.0	0.0020931106498
458.0	0.1	0.084102157866	221.69053108	9.14	0.0	0.0020978269845999997
459.0	0.1	0.08429166239	221.97379475	9.16	0.0	0.0021025539466
460.0	0.1	0.084481593918	222.25702071	9.18	0.0	0.0021072915596999997
461.0	0.1	0.084671953412	222.54020887	9.2	0.0	0.0021120398479000002
462.0	0.1	0.084862741837	222.82335916	9.22	0.0	0.0021167988352999998
463.0	0.1	0.085053960159	223.10647147	9.24	0.0	0.0021215685459
464.0	0.1	0.085245609347	223.38954573	9.26	0.0	0.002126349004
465.0	0.1	0.085437690371	223.67258186	9.28	0.0	0.0021311402337
466.0	0.1	0.085630204205	223.95557976	9.3	0.0	0.0021359422593
467.0	0.1	0.085823151824	224.23853935	9.32	0.0	0.0021407551050999997
468.0	0.1	0.086016534205	224.52146054	9.34	0.0	0.0021455787956
469.0	0.1	0.086210352328	224.80434325	9.36	0.0	0.0021504133551
470.0	0.1	0.086404607175	225.08718739	9.38	0.0	0.0021552588081999997
471.0	0.1	0.086599299729	225.36999287	9.4	0.0	0.0021601151794000003
472.0	0.1	0.086794430978	225.65275961	9.42	0.0	0.0021649824931999997
473.0	0.1	0.086990001909	225.93548752	9.44	0.0	0.0021698607744000003
474.0	0.1	0.087186013514	226.21817651	9.46	0.0	0.0021747500477
475.0	0.1	0.087382466785	226.50082649	9.48	0.0	0.0021796503378
476.0	0.1	0.087579362717	226.78343738	9.5	0.0	0.0021845616696
477.0	0.1	0.087776702308	227.06600909	9.52	0.0	0.0021894840679
478.0	0.1	0.087974486558	227.34854152	9.54	0.0	0.0021944175577
479.0	0.1	0.088172716468	227.6310346	9.56	0.0	0.0021993621639
480.0	0.1	0.088371393043	227.91348823	9.58	0.0	0.0022043179116999997
481.0	0.1	0.088570517289	228.19590232	9.6	0.0	0.0022092848260999998
482.0	0.1	0.088770090215	228.47827679	9.62	0.0	0.0022142629321999997
483.0	0.1	0.088970112832	228.76061154	9.64	0.0	0.0022192522554000003
484.0	0.1	0.089170586153	229.04290649	9.66	0.0	0.0022242528208000004
485.0	0.1	0.089371511193	229.32516154	9.68	0.0	0.0022292646538
486.0	0.1	0.089572888972	229.60737661	9.7	0.0	0.0022342877798000003
487.0	0.1	0.089774720507	229.88955161	9.72	0.0	0.0022393222243
488.0	0.1	0.089977006823	230.17168644	9.74	0.0	0.0022443680126999995
489.0	0.1	0.090179748944	230.45378101	9.76	0.0	0.0022494251706
490.0	0.1	0.090382947897	230.73583524	9.78	0.0	0.0022544937236
491.0	0.1	0.090586604711	231.01784904	9.8	0.0	0.0022595736974
492.0	0.1	0.090790720418	231.29982230000002	9.82	0.0	0.0022646651178
493.0	0.1	0.090995296052	231.58175495	9.84	0.0	0.0022697680105000003
494.0	0.1	0.091200332649	231.86364689	9.86	0.0	0.0022748824013000004
495.0	0.1	0.091405831249	232.14549802	9.88	0.0	0.0022800083162
496.0	0.1	0.091611792891	232.42730826	9.9	0.0	0.0022851457812
497.0	0.1	0.091818218619	232.70907751	9.92	0.0	0.0022902948223000002
498.0	0.1	0.09202510948	232.99080569	9.94	0.0	0.0022954554655
499.0	0.1	0.092232466521	233.27249269	9.96	0.0	0.002300627737
500.0	0.1	0.092440290792	233.55413843	9.98	0.0	0.002305811663
501.0	0.1	0.092648583347	233.83574281	10.0	0.0	0.0023110072698
502.0	0.1	0.09285734524	234.11730574	10.02	0.0	0.0023162145837
503.0	0.1	0.093066577529	234.39882713	10.04	0.0	0.002321433631
504.0	0.1	0.093276281274	234.68030688	10.06	0.0	0.0023266644381999997
505.0	0.1	0.093486457537	234.9617449	10.08	0.0	0.0023319070319
506.0	0.1	0.093697107384	235.24314109999997	10.1	0.0	0.0023371614384000003
507.0	0.1	0.093908231881	235.52449537	10.12	0.0	0.0023424276845999997
508.0	0.1	0.094119832097	235.80580763	10.14	0.0	0.002347705797
509.0	0.1	0.094331909104	236.08707779	10.16	0.0	0.0023529958024000003
510.0	0.1	0.094544463978	236.36830574	10.18	0.0	0.0023582977276
511.0	0.1	0.094757497794	236.64949139	10.2	0.0	0.0023636115995
512.0	0.1	0.094971011633	236.93063465	10.22	0.0	0.0023689374449000003
513.0	0.1	0.095185006574	237.21173542	10.24	0.0	0.0023742752908
514.0	0.1	0.095399483703	237.49279359999997	10.26	0.0	0.0023796251644
515.0	0.1	0.095614444106	237.7738091	10.28	0.0	0.0023849870926
516.0	0.1	0.095829888872	238.05478183	10.3	0.0	0.0023903611026999997
517.0	0.1	0.096045819093	238.33571168	10.32	0.0	0.0023957472218
518.0	0.1	0.096262235861	238.61659856	10.34	0.0	0.0024011454773000002
519.0	0.1	0.096479140274	238.89744238	10.36	0.0	0.0024065558965
520.0	0.1	0.096696533431	239.17824303	10.38	0.0	0.0024119785069000002
521.0	0.1	0.096914416432	239.45900042	10.4	0.0	0.0024174133358
522.0	0.1	0.097132790381	239.73971445	10.42	0.0	0.0024228604108
523.0	0.1	0.097351656385	240.02038502	10.44	0.0	0.0024283197594999997
524.0	0.1	0.097571015552	240.30101204	10.46	0.0	0.0024337914096
525.0	0.1	0.097790868994	240.58159541	10.48	0.0	0.0024392753888
526.0	0.1	0.098011217824	240.86213503	10.5	0.0	0.0024447717248
527.0	0.1	0.098232063158	241.1426308	10.52	0.0	0.0024502804455999996
528.0	0.1	0.098453406116	241.42308262	10.54	0.0	0.002455801579
529.0	0.1	0.098675247819	241.70349039	10.56	0.0	0.0024613351529
530.0	0.1	0.098897589389	241.98385401	10.58	0.0	0.0024668811955
531.0	0.1	0.099120431954	242.26417339	10.6	0.0	0.0024724397346999995
532.0	0.1	0.099343776643	242.54444843	10.62	0.0	0.0024780107989
533.0	0.1	0.099567624587	242.82467902	10.64	0.0	0.0024835944161
534.0	0.1	0.09979197692	243.10486506	10.66	0.0	0.0024891906146999997
535.0	0.1	0.10001683478	243.38500646	10.68	0.0	0.002494799423
536.0	0.1	0.1002421993	243.66510311	10.7	0.0	0.0025004208695
537.0	0.1	0.10046807163	243.94515491	10.72	0.0	0.0025060549825
538.0	0.1	0.10069445291	244.22516176	10.74	0.0	0.0025117017908000004
539.0	0.1	0.10092134429	244.50512357	10.76	0.0	0.0025173613226999996
540.0	0.1	0.10114874691	244.78504022	10.78	0.0	0.0025230336071999995
541.0	0.1	0.10137666193	245.06491162	10.8	0.0	0.0025287186727
542.0	0.1	0.10160509051	245.34473766	10.82	0.0	0.0025344165483000003
543.0	0.1	0.10183403379	245.62451825	10.84	0.0	0.0025401272626
544.0	0.1	0.10206349295	245.90425328	10.86	0.0	0.0025458508448
545.0	0.1	0.10229346913	246.18394264	10.88	0.0	0.0025515873236999997
546.0	0.1	0.10252396352	246.46358624	10.9	0.0	0.0025573367284
547.0	0.1	0.10275497727	246.74318397	10.92	0.0	0.002563099088
548.0	0.1	0.10298651156	247.02273573	10.94	0.0	0.0025688744318000003
549.0	0.1	0.10321856755	247.30224142	10.96	0.0	0.0025746627889
550.0	0.1	0.10345114643	247.58170092	10.98	0.0	0.0025804641888
551.0	0.1	0.10368424937	247.86111414	11.0	0.0	0.0025862786607
552.0	0.1	0.10391787755	248.14048098	11.02	0.0	0.0025921062342
553.0	0.1	0.10415203216	248.41980132	11.04	0.0	0.0025979469388000003
554.0	0.1	0.10438671438	248.69907507	11.06	0.0	0.002603800804
555.0	0.1	0.10462192541	248.97830211	11.08	0.0	0.0026096678595999997
556.0	0.1	0.10485766642	249.25748235	11.1	0.0	0.0026155481351999997
557.0	0.1	0.10509393863	249.53661567	11.12	0.0	0.0026214416606
558.0	0.1	0.10533074321	249.81570198	11.14	0.0	0.0026273484657
559.0	0.1	0.10556808139	250.09474116	11.16	0.0	0.0026332685804
560.0	0.1	0.10580595434	250.37373311	11.18	0.0	0.0026392020345999997
561.0	0.1	0.10604436329	250.65267773	11.2	0.0	0.0026451488585999996
562.0	0.1	0.10628330944	250.9315749	11.22	0.0	0.0026511090823
563.0	0.1	0.106522794	251.21042452	11.24	0.0	0.002657082736
564.0	0.1	0.10676281817	251.48922648	11.26	0.0	0.0026630698499000003
565.0	0.1	0.10700338319	251.76798068	11.28	0.0	0.0026690704543
566.0	0.1	0.10724449027	252.04668701	11.3	0.0	0.0026750845798
567.0	0.1	0.10748614062	252.32534535	11.32	0.0	0.0026811122566
568.0	0.1	0.10772833547	252.60395561	11.34	0.0	0.0026871535154
569.0	0.1	0.10797107606	252.88251767	11.36	0.0	0.0026932083868000003
570.0	0.1	0.1082143636	253.16103143	11.38	0.0	0.0026992769014000002
571.0	0.1	0.10845819934	253.43949677	11.4	0.0	0.0027053590899999997
572.0	0.1	0.1087025845	253.71791359	11.42	0.0	0.0027114549833999997
573.0	0.1	0.10894752032	253.99628178	11.44	0.0	0.0027175646124000005
574.0	0.1	0.10919300806	254.27460122	11.46	0.0	0.0027236880081
575.0	0.1	0.10943904894	254.55287181	11.48	0.0	0.0027298252014000004
576.0	0.1	0.10968564421	254.83109344	11.5	0.0	0.0027359762234
577.0	0.1	0.10993279513	255.10926600000002	11.52	0.0	0.0027421411053
578.0	0.1	0.11018050295	255.38738937	11.54	0.0	0.0027483198784000002
579.0	0.1	0.11042876892	255.66546345	11.56	0.0	0.0027545125738000003
580.0	0.1	0.1106775943	255.94348813	11.58	0.0	0.0027607192229999996
581.0	0.1	0.11092698035	256.22146328	11.6	0.0	0.0027669398574999998
582.0	0.1	0.11117692833	256.49938881	11.62	0.0	0.0027731745087
583.0	0.1	0.11142743951	256.77726461	11.64	0.0	0.0027794232083000006
584.0	0.1	0.11167851516	257.05509055	11.66	0.0	0.0027856859878
585.0	0.1	0.11193015655	257.33286652	11.68	0.0	0.002791962879
586.0	0.1	0.11218236496	257.61059242	11.7	0.0	0.0027982539138000006
587.0	0.1	0.11243514165	257.88826813	11.72	0.0	0.0028045591239
588.0	0.1	0.11268848792	258.16589354	11.74	0.0	0.0028108785412999998
589.0	0.1	0.11294240505	258.44346853	11.76	0.0	0.0028172121981
590.0	0.1	0.11319689432	258.72099299	11.78	0.0	0.0028235601262
591.0	0.1	0.11345195702	258.99846681	11.8	0.0	0.002829922358
592.0	0.1	0.11370759445	259.27588987	11.82	0.0	0.0028362989255
593.0	0.1	0.11396380789	259.55326206	11.84	0.0	0.0028426898611
594.0	0.1	0.11422059865	259.83058326	11.86	0.0	0.0028490951973
595.0	0.1	0.11447796803	260.10785336	11.88	0.0	0.0028555149663
596.0	0.1	0.11473591733	260.38507224	11.9	0.0	0.0028619492008000002
597.0	0.1	0.11499444786	260.6622398	11.92	0.0	0.0028683979333
598.0	0.1	0.11525356093	260.9393559	11.94	0.0	0.0028748611965
599.0	0.1	0.11551325785	261.21642044	11.96	0.0	0.0028813390231999998
600.0	0.1	0.11577353993	261.4934333	11.98	0.0	0.0028878314461999997
601.0	0.1	0.1160344085	261.77039437	12.0	0.0	0.0028943384983000004
602.0	0.1	0.11629586488	262.04730352	12.02	0.0	0.0029008602124999997
603.0	0.1	0.11655791038	262.32416064	12.04	0.0	0.0029073966219
604.0	0.1	0.11682054635	262.60096562	12.06	0.0	0.0029139477596
605.0	0.1	0.1170837741	262.87771833	12.08	0.0	0.0029205136587
606.0	0.1	0.11734759498	263.15441866	12.1	0.0	0.0029270943525
607.0	0.1	0.11761201031	263.43106649	12.12	0.0	0.0029336898744
608.0	0.1	0.11787702144	263.7076617	12.14	0.0	0.0029403002577
609.0	0.1	0.11814262971	263.98420417	12.16	0.0	0.002946925536
610.0	0.1	0.11840883647	264.26069379	12.18	0.0	0.0029535657428
611.0	0.1	0.11867564306	264.53713043	12.2	0.0	0.0029602209118000005
612.0	0.1	0.11894305084	264.81351398	12.22	0.0	0.0029668910766
613.0	0.1	0.11921106116	265.08984431	12.24	0.0	0.0029735762711
614.0	0.1	0.11947967538	265.36612131	12.26	0.0	0.0029802765291
615.0	0.1	0.11974889486	265.64234485	12.28	0.0	0.0029869918845
616.0	0.1	0.12001872096	265.91851482	12.3	0.0	0.0029937223715
617.0	0.1	0.12028915505	266.1946311	12.32	0.0	0.003000468024
618.0	0.1	0.1205601985	266.47069356	12.34	0.0	0.0030072288763000003
619.0	0.1	0.12083185269	266.74670208	12.36	0.0	0.0030140049625
620.0	0.1	0.12110411898	267.02265654	12.38	0.0	0.0030207963171
621.0	0.1	0.12137699876	267.29855682	12.4	0.0	0.0030276029745
622.0	0.1	0.12165049341	267.5744028	12.42	0.0	0.0030344249690000004
623.0	0.1	0.12192460432	267.85019435	12.44	0.0	0.0030412623353000003
624.0	0.1	0.12219933287	268.12593135	12.46	0.0	0.0030481151079999997
625.0	0.1	0.12247468046	268.40161368	12.48	0.0	0.0030549833218
626.0	0.1	0.12275064848	268.67724122	12.5	0.0	0.0030618670115
627.0	0.1	0.12302723833	268.95281384	12.52	0.0	0.003068766212
628.0	0.1	0.12330445141	269.22833142	12.54	0.0	0.0030756809583
629.0	0.1	0.12358228913	269.50379384	12.56	0.0	0.0030826112853000005
630.0	0.1	0.12386075288	269.77920096	12.58	0.0	0.0030895572282
631.0	0.1	0.12413984409	270.05455267	12.6	0.0	0.0030965188221
632.0	0.1	0.12441956417	270.32984884	12.62	0.0	0.0031034961024000002
633.0	0.1	0.12469991453	270.60508935	12.64	0.0	0.0031104891043000006
634.0	0.1	0.1249808966	270.88027407	12.66	0.0	0.0031174978633000004
635.0	0.1	0.12526251179	271.15540287	12.68	0.0	0.0031245224149
636.0	0.1	0.12554476153	271.43047563	12.7	0.0	0.0031315627947
637.0	0.1	0.12582764726	271.70549222	12.72	0.0	0.0031386190384
638.0	0.1	0.12611117041	271.98045252	12.74	0.0	0.0031456911816
639.0	0.1	0.12639533241	272.2553564	12.76	0.0	0.0031527792603000004
640.0	0.1	0.1266801347	272.53020372	12.78	0.0	0.0031598833102
641.0	0.1	0.12696557873	272.80499438	12.8	0.0	0.0031670033675000003
642.0	0.1	0.12725166594	273.07972823	12.82	0.0	0.0031741394681999995
643.0	0.1	0.12753839778	273.35440515	12.84	0.0	0.0031812916483999996
644.0	0.1	0.1278257757	273.62902501	12.86	0.0	0.0031884599444000003
645.0	0.1	0.12811380116	273.90358768	12.88	0.0	0.0031956443925
646.0	0.1	0.12840247562	274.17809303	12.9	0.0	0.003202845029
647.0	0.1	0.12869180054	274.45254094	12.92	0.0	0.0032100618905
648.0	0.1	0.12898177738	274.72693127	12.94	0.0	0.0032172950134
649.0	0.1	0.12927240762	275.00126389	12.96	0.0	0.0032245444346
650.0	0.1	0.12956369273	275.27553869	12.98	0.0	0.0032318101905999996
651.0	0.1	0.12985563418	275.54975551	13.0	0.0	0.0032390923183
652.0	0.1	0.13014823345	275.82391424	13.02	0.0	0.0032463908545000003
653.0	0.1	0.13044149203	276.09801474	13.04	0.0	0.0032537058363
654.0	0.1	0.13073541139	276.37205688	13.06	0.0	0.0032610373007
655.0	0.1	0.13102999304	276.64604054	13.08	0.0	0.0032683852848000004
656.0	0.1	0.13132523845	276.91996557	13.1	0.0	0.0032757498259000004
657.0	0.1	0.13162114913	277.19383185	13.12	0.0	0.0032831309613
658.0	0.1	0.13191772658	277.46763924	13.14	0.0	0.0032905287283
659.0	0.1	0.13221497229	277.74138761	13.16	0.0	0.0032979431645
660.0	0.1	0.13251288778	278.01507683	13.18	0.0	0.0033053743073000004
661.0	0.1	0.13281147455	278.28870677	13.2	0.0	0.0033128221945
662.0	0.1	0.13311073412	278.56227728	13.22	0.0	0.0033202868638000003
663.0	0.1	0.133410668	278.83578825	13.24	0.0	0.003327768353
664.0	0.1	0.1337112777	279.10923952	13.26	0.0	0.0033352666999000003
665.0	0.1	0.13401256477	279.38263098	13.28	0.0	0.0033427819426
666.0	0.1	0.13431453071	279.65596248	13.3	0.0	0.0033503141190999995
667.0	0.1	0.13461717706	279.92923389	13.32	0.0	0.0033578632676999997
668.0	0.1	0.13492050535	280.20244507	13.34	0.0	0.0033654294265
669.0	0.1	0.13522451713	280.47559589	13.36	0.0	0.0033730126338
670.0	0.1	0.13552921392	280.74868621	13.38	0.0	0.0033806129282
671.0	0.1	0.13583459727	281.0217159	13.4	0.0	0.0033882303480000002
672.0	0.1	0.13614066874	281.29468481	13.42	0.0	0.0033958649319
673.0	0.1	0.13644742987	281.56759282	13.44	0.0	0.0034035167185
674.0	0.1	0.13675488221	281.84043978	13.46	0.0	0.0034111857467
675.0	0.1	0.13706302732	282.11322556	13.48	0.0	0.0034188720551999994
676.0	0.1	0.13737186676	282.38595002	13.5	0.0	0.0034265756829999997
677.0	0.1	0.13768140211	282.65861301	13.52	0.0	0.0034342966690999997
678.0	0.1	0.13799163491	282.93121441	13.54	0.0	0.0034420350526
679.0	0.1	0.13830256676	283.20375408	13.56	0.0	0.0034497908728000006
680.0	0.1	0.13861419922	283.47623187	13.58	0.0	0.003457564169
681.0	0.1	0.13892653386	283.74864764	13.6	0.0	0.0034653549804000002
682.0	0.1	0.13923957228	284.02100126	13.62	0.0	0.0034731633466
683.0	0.1	0.13955331606	284.29329259	13.64	0.0	0.0034809893071
684.0	0.1	0.13986776679	284.56552148	13.66	0.0	0.0034888329016
685.0	0.1	0.14018292606	284.83768779	13.68	0.0	0.0034966941698000003
686.0	0.1	0.14049879547	285.10979139	13.7	0.0	0.0035045731514999996
687.0	0.1	0.14081537661	285.38183213	13.72	0.0	0.0035124698866999997
688.0	0.1	0.1411326711	285.65380987	13.74	0.0	0.0035203844153000002
689.0	0.1	0.14145068053	285.92572447	13.76	0.0	0.0035283167774
690.0	0.1	0.14176940653	286.19757578	13.78	0.0	0.0035362670133
691.0	0.1	0.14208885069	286.46936367	13.8	0.0	0.0035442351631
692.0	0.1	0.14240901466	286.74108799	13.82	0.0	0.0035522212673
693.0	0.1	0.14272990003	287.0127486	13.84	0.0	0.0035602253664
694.0	0.1	0.14305150845	287.28434535	13.86	0.0	0.0035682475008
695.0	0.1	0.14337384153	287.55587810000003	13.88	0.0	0.0035762877112
696.0	0.1	0.14369690092	287.82734669999996	13.9	0.0	0.0035843460383000003
697.0	0.1	0.14402068825	288.09875102	13.92	0.0	0.003592422523
698.0	0.1	0.14434520515	288.3700909	13.94	0.0	0.0036005172062
699.0	0.1	0.14467045328	288.64136621	13.96	0.0	0.0036086301288
700.0	0.1	0.14499643428	288.91257678	13.98	0.0	0.003616761332
701.0	0.1	0.1453231498	289.18372249	14.0	0.0	0.0036249108569000005
702.0	0.1	0.1456506015	289.45480319	14.02	0.0	0.0036330787449000003
703.0	0.1	0.14597879103	289.72581872	14.04	0.0	0.0036412650374
704.0	0.1	0.14630772006	289.99676894	14.06	0.0	0.0036494697756999997
705.0	0.1	0.14663739026	290.2676537	14.08	0.0	0.0036576930015000003
706.0	0.1	0.14696780329	290.53847286	14.1	0.0	0.0036659347564000004
707.0	0.1	0.14729896082	290.80922627	14.12	0.0	0.0036741950821
708.0	0.1	0.14763086455	291.07991378	14.14	0.0	0.0036824740206
709.0	0.1	0.14796351614	291.35053523	14.16	0.0	0.0036907716137
710.0	0.1	0.14829691729	291.62109049	14.18	0.0	0.0036990879035000003
711.0	0.1	0.14863106967	291.89157941	14.2	0.0	0.0037074229322
712.0	0.1	0.14896597499	292.16200182	14.22	0.0	0.0037157767418000004
713.0	0.1	0.14930163494	292.43235760000005	14.24	0.0	0.0037241493748
714.0	0.1	0.14963805123	292.70264657	14.26	0.0	0.0037325408736
715.0	0.1	0.14997522554	292.9728686	14.28	0.0	0.0037409512807
716.0	0.1	0.1503131596	293.24302353	14.3	0.0	0.0037493806385999998
717.0	0.1	0.15065185512	293.51311121	14.32	0.0	0.0037578289900999998
718.0	0.1	0.15099131381	293.78313149	14.34	0.0	0.0037662963780000004
719.0	0.1	0.15133153739	294.05308422	14.36	0.0	0.0037747828452
720.0	0.1	0.15167252758	294.32296924	14.38	0.0	0.0037832884346
721.0	0.1	0.15201428611	294.59278641	14.4	0.0	0.0037918131894999997
722.0	0.1	0.15235681472	294.86253557	14.42	0.0	0.0038003571528
723.0	0.1	0.15270011513	295.13221656	14.44	0.0	0.003808920368
724.0	0.1	0.15304418909	295.40182924	14.46	0.0	0.0038175028783000004
725.0	0.1	0.15338903835	295.67137344	14.48	0.0	0.0038261047274
726.0	0.1	0.15373466464	295.94084903	14.5	0.0	0.0038347259587
727.0	0.1	0.15408106971	296.21025583	14.52	0.0	0.0038433666159000002
728.0	0.1	0.15442825533	296.47959369	14.54	0.0	0.0038520267428000005
729.0	0.1	0.15477622325	296.74886247	14.56	0.0	0.0038607063833000005
730.0	0.1	0.15512497524	297.018062	14.58	0.0	0.0038694055813
731.0	0.1	0.15547451305	297.28719213	14.6	0.0	0.0038781243809
732.0	0.1	0.15582483847	297.55625269999996	14.62	0.0	0.0038868628263999997
733.0	0.1	0.15617595327	297.82524356	14.64	0.0	0.0038956209618
734.0	0.1	0.15652785922	298.09416455	14.66	0.0	0.0039043988317
735.0	0.1	0.1568805581	298.36301549999996	14.68	0.0	0.0039131964804
736.0	0.1	0.15723405171	298.63179627	14.7	0.0	0.0039220139526
737.0	0.1	0.15758834184	298.9005067	14.72	0.0	0.0039308512928
738.0	0.1	0.15794343028	299.16914662	14.74	0.0	0.0039397085460000005
739.0	0.1	0.15829931882	299.43771587	14.76	0.0	0.0039485857569
740.0	0.1	0.15865600928	299.70621431	14.78	0.0	0.0039574829705
741.0	0.1	0.15901350345	299.97464176	14.8	0.0	0.0039664002319
742.0	0.1	0.15937180316	300.24299808	14.82	0.0	0.0039753375863
743.0	0.1	0.15973091021	300.51128309	14.84	0.0	0.0039842950789
744.0	0.1	0.16009082642	300.77949664	14.86	0.0	0.0039932727551
745.0	0.1	0.16045155362	301.04763856	14.88	0.0	0.0040022706604
746.0	0.1	0.16081309363	301.31570869999996	14.9	0.0	0.0040112888404000005
747.0	0.1	0.16117544829	301.5837069	14.92	0.0	0.0040203273408
748.0	0.1	0.16153861943	301.85163298	14.94	0.0	0.0040293862072000005
749.0	0.1	0.16190260889	302.1194868	14.96	0.0	0.0040384654858
750.0	0.1	0.16226741852	302.38726818	14.98	0.0	0.0040475652223
751.0	0.1	0.16263305016	302.65497696	15.0	0.0	0.004056685463
752.0	0.1	0.16299950567	302.92261298	15.02	0.0	0.0040658262540000005
753.0	0.1	0.16336678689	303.19017608	15.04	0.0	0.004074987641599999
754.0	0.1	0.1637348957	303.45766609	15.06	0.0	0.0040841696723
755.0	0.1	0.16410383396	303.72508285	15.08	0.0	0.0040933723925
756.0	0.1	0.16447360353	303.99242619	15.1	0.0	0.004102595849
757.0	0.1	0.16484420629	304.25969594	15.12	0.0	0.0041118400883
758.0	0.1	0.16521564412	304.52689194	15.14	0.0	0.0041211051573
759.0	0.1	0.1655879189	304.79401403	15.16	0.0	0.004130391103
760.0	0.1	0.16596103251	305.06106203	15.18	0.0	0.0041396979724
761.0	0.1	0.16633498684	305.32803579	15.2	0.0	0.0041490258127
762.0	0.1	0.16670978379	305.59493512	15.22	0.0	0.004158374671
763.0	0.1	0.16708542526	305.86175988	15.24	0.0	0.0041677445949
764.0	0.1	0.16746191316	306.12850988	15.26	0.0	0.0041771356316
765.0	0.1	0.16783924937	306.39518496	15.28	0.0	0.0041865478289
766.0	0.1	0.16821743583	306.66178495	15.3	0.0	0.0041959812343
767.0	0.1	0.16859647444	306.92830968	15.32	0.0	0.0042054358957
768.0	0.1	0.16897636713	307.19475898	15.34	0.0	0.004214911861
769.0	0.1	0.16935711581	307.46113268	15.36	0.0	0.0042244091782
770.0	0.1	0.16973872243	307.72743062	15.38	0.0	0.0042339278953
771.0	0.1	0.1701211889	307.99365261	15.4	0.0	0.0042434680606
772.0	0.1	0.17050451717	308.25979849	15.42	0.0	0.0042530297225
773.0	0.1	0.17088870919	308.52586809	15.44	0.0	0.0042626129293
774.0	0.1	0.17127376689	308.79186124	15.46	0.0	0.0042722177297
775.0	0.1	0.17165969222	309.05777776	15.48	0.0	0.0042818441722
776.0	0.1	0.17204648715	309.32361748	15.5	0.0	0.0042914923056
777.0	0.1	0.17243415364	309.58938023	15.52	0.0	0.0043011621789
778.0	0.1	0.17282269363	309.85506583	15.54	0.0	0.0043108538409
779.0	0.1	0.17321210912	310.12067412	15.56	0.0	0.0043205673408
780.0	0.1	0.17360240205	310.38620491	15.58	0.0	0.004330302727899999
781.0	0.1	0.17399357443	310.65165803	15.6	0.0	0.0043400600513000005
782.0	0.1	0.17438562821	310.91703331	15.62	0.0	0.004349839360600001
783.0	0.1	0.1747785654	311.18233057	15.64	0.0	0.0043596407053
784.0	0.1	0.17517238798	311.44754964	15.66	0.0	0.004369464135
785.0	0.1	0.17556709795	311.71269033	15.68	0.0	0.0043793096996
786.0	0.1	0.1759626973	311.97775248	15.7	0.0	0.0043891774487
787.0	0.1	0.17635918805	312.24273589999996	15.72	0.0	0.0043990674326000005
788.0	0.1	0.17675657219	312.50764042	15.74	0.0	0.0044089797011999995
789.0	0.1	0.17715485175	312.77246586	15.76	0.0	0.004418914304800001
790.0	0.1	0.17755402873	313.03721205	15.78	0.0	0.0044288712937
791.0	0.1	0.17795410517	313.3018788	15.8	0.0	0.0044388507183999995
792.0	0.1	0.17835508309	313.56646593	15.82	0.0	0.004448852629300001
793.0	0.1	0.17875696451	313.83097327	15.84	0.0	0.0044588770772
794.0	0.1	0.17915975149	314.09540063	15.86	0.0	0.004468924112899999
795.0	0.1	0.17956344604	314.35974784	15.88	0.0	0.0044789937871
796.0	0.1	0.17996805023	314.62401472	15.9	0.0	0.0044890861511
797.0	0.1	0.1803735661	314.88820107	15.92	0.0	0.0044992012558
798.0	0.1	0.18077999571	315.15230673	15.94	0.0	0.004509339152600001
799.0	0.1	0.18118734111	315.41633152	15.96	0.0	0.0045194998927
800.0	0.1	0.18159560436	315.68027523	15.98	0.0	0.0045296835277
801.0	0.1	0.18200478754	315.94413771	16.0	0.0	0.0045398901091
802.0	0.1	0.18241489273	316.20791876	16.02	0.0	0.0045501196886
803.0	0.1	0.18282592198	316.47161819	16.04	0.0	0.0045603723181
804.0	0.1	0.1832378774	316.73523583	16.06	0.0	0.0045706480496
805.0	0.1	0.18365076106	316.9987715	16.08	0.0	0.0045809469349
806.0	0.1	0.18406457505	317.262225	16.1	0.0	0.0045912690264
807.0	0.1	0.18447932148	317.52559615	16.12	0.0	0.0046016143763
808.0	0.1	0.18489500245	317.78888476	16.14	0.0	0.004611983037100001
809.0	0.1	0.18531162005	318.05209065	16.16	0.0	0.0046223750612
810.0	0.1	0.1857291764	318.31521364	16.18	0.0	0.004632790501199999
811.0	0.1	0.18614767362	318.57825354	16.2	0.0	0.0046432294101
812.0	0.1	0.18656711383	318.84121015	16.22	0.0	0.004653691840600001
813.0	0.1	0.18698749914	319.10408329	16.24	0.0	0.0046641778457
814.0	0.1	0.1874088317	319.36687278	16.26	0.0	0.0046746874784999995
815.0	0.1	0.18783111363	319.62957842	16.28	0.0	0.004685220792399999
816.0	0.1	0.18825434707	319.89220003	16.3	0.0	0.0046957778406
817.0	0.1	0.18867853417	320.15473742	16.32	0.0	0.0047063586767
818.0	0.1	0.18910367707	320.41719039	16.34	0.0	0.004716963354199999
819.0	0.1	0.18952977794	320.67955876	16.36	0.0	0.004727591926899999
820.0	0.1	0.18995683893	320.94184233	16.38	0.0	0.0047382444485
821.0	0.1	0.19038486219	321.20404092	16.4	0.0	0.0047489209731
822.0	0.1	0.19081384991	321.46615433	16.42	0.0	0.0047596215548000005
823.0	0.1	0.19124380425	321.72818238	16.44	0.0	0.0047703462477
824.0	0.1	0.19167472739	321.99012486	16.46	0.0	0.004781095106199999
825.0	0.1	0.19210662152	322.25198159	16.48	0.0	0.0047918681848
826.0	0.1	0.19253948882	322.51375237	16.5	0.0	0.0048026655379
827.0	0.1	0.19297333148	322.77543701	16.52	0.0	0.0048134872203999994
828.0	0.1	0.19340815171	323.03703532	16.54	0.0	0.004824333287
829.0	0.1	0.1938439517	323.29854710000006	16.56	0.0	0.0048352037927
830.0	0.1	0.19428073366	323.55997215	16.58	0.0	0.0048460987925
831.0	0.1	0.19471849982	323.82131029	16.6	0.0	0.0048570183416
832.0	0.1	0.19515725237	324.0825613	16.62	0.0	0.0048679624954
833.0	0.1	0.19559699355	324.34372501	16.64	0.0	0.0048789313093
834.0	0.1	0.19603772559	324.60480121	16.66	0.0	0.0048899248388
835.0	0.1	0.19647945071	324.8657897	16.68	0.0	0.0049009431396000004
836.0	0.1	0.19692217115	325.12669029	16.7	0.0	0.0049119862676999995
837.0	0.1	0.19736588917	325.38750278	16.72	0.0	0.0049230542788
838.0	0.1	0.19781060699	325.64822697	16.74	0.0	0.0049341472291
839.0	0.1	0.19825632689	325.90886266	16.76	0.0	0.004945265174800001
840.0	0.1	0.19870305111	326.16940965	16.78	0.0	0.0049564081722
841.0	0.1	0.19915078191	326.42986774	16.8	0.0	0.0049675762777
842.0	0.1	0.19959952158	326.69023673	16.82	0.0	0.0049787695479
843.0	0.1	0.20004927237	326.95051643	16.84	0.0	0.0049899880394999995
844.0	0.1	0.20050003658	327.21070662	16.86	0.0	0.005001231809399999
845.0	0.1	0.20095181647	327.47080712	16.88	0.0	0.0050125009144
846.0	0.1	0.20140461435	327.73081771	16.9	0.0	0.0050237954118
847.0	0.1	0.2018584325	327.99073819	16.92	0.0	0.0050351153587
848.0	0.1	0.20231327322	328.25056836	16.94	0.0	0.0050464608124
849.0	0.1	0.20276913882	328.51030802	16.96	0.0	0.0050578318304
850.0	0.1	0.2032260316	328.76995696	16.98	0.0	0.0050692284704
851.0	0.1	0.20368395389	329.02951498	17.0	0.0	0.005080650789999999
852.0	0.1	0.20414290799	329.28898187	17.02	0.0	0.0050920988472
853.0	0.1	0.20460289625	329.54835743	17.04	0.0	0.005103572699800001
854.0	0.1	0.20506392097	329.80764146	17.06	0.0	0.0051150724062
855.0	0.1	0.20552598451	330.06683374	17.08	0.0	0.0051265980244
856.0	0.1	0.20598908921	330.32593407	17.1	0.0	0.005138149612800001
857.0	0.1	0.2064532374	330.58494224	17.12	0.0	0.0051497272301000005
858.0	0.1	0.20691843143	330.84385804	17.14	0.0	0.005161330934899999
859.0	0.1	0.20738467368	331.10268127	17.16	0.0	0.0051729607858000005
860.0	0.1	0.20785196649	331.36141172	17.18	0.0	0.0051846168420000005
861.0	0.1	0.20832031224	331.62004918	17.2	0.0	0.0051962991623
862.0	0.1	0.20878971329	331.87859344	17.22	0.0	0.005208007806
863.0	0.1	0.20926017203	332.13704429	17.24	0.0	0.0052197428323
864.0	0.1	0.20973169084	332.39540151	17.26	0.0	0.0052315043008
865.0	0.1	0.21020427211	332.65366491	17.28	0.0	0.005243292271100001
866.0	0.1	0.21067791823	332.91183426	17.3	0.0	0.0052551068027
867.0	0.1	0.21115263159	333.16990935	17.32	0.0	0.005266947955699999
868.0	0.1	0.21162841462	333.42788998	17.34	0.0	0.0052788157899
869.0	0.1	0.21210526971	333.68577592	17.36	0.0	0.0052907103654
870.0	0.1	0.21258319928	333.94356697	17.38	0.0	0.0053026317427
871.0	0.1	0.21306220575	334.20126292	17.4	0.0	0.0053145799818999995
872.0	0.1	0.21354229155	334.45886354	17.42	0.0	0.005326555143800001
873.0	0.1	0.21402345912	334.71636862	17.44	0.0	0.0053385572888
874.0	0.1	0.21450571088	334.97377795	17.46	0.0	0.0053505864779
875.0	0.1	0.21498904928	335.23109132	17.48	0.0	0.0053626427719
876.0	0.1	0.21547347677	335.4883085	17.5	0.0	0.005374726232000001
877.0	0.1	0.21595899581	335.74542928	17.52	0.0	0.0053868369193
878.0	0.1	0.21644560885	336.00245344	17.54	0.0	0.005398974895199999
879.0	0.1	0.21693331836	336.25938076	17.56	0.0	0.0054111402212
880.0	0.1	0.21742212681	336.51621103	17.58	0.0	0.0054233329589
881.0	0.1	0.21791203667	336.77294403	17.6	0.0	0.0054355531701
882.0	0.1	0.21840305043	337.02957953	17.62	0.0	0.0054478009167
883.0	0.1	0.21889517057	337.28611732	17.64	0.0	0.0054600762607
884.0	0.1	0.2193883996	337.54255718	17.66	0.0	0.0054723792643
885.0	0.1	0.21988274	337.79889889	17.68	0.0	0.0054847099899
886.0	0.1	0.22037819427	338.05514223	17.7	0.0	0.0054970684999
887.0	0.1	0.22087476494	338.31128697	17.72	0.0	0.0055094548569
888.0	0.1	0.22137245452	338.56733289	17.74	0.0	0.0055218691236000005
889.0	0.1	0.22187126552	338.82327977	17.76	0.0	0.005534311363
890.0	0.1	0.22237120048	339.07912739	17.78	0.0	0.005546781638
891.0	0.1	0.22287226192	339.33487552	17.8	0.0	0.0055592800119
892.0	0.1	0.22337445239	339.59052394	17.82	0.0	0.005571806548
893.0	0.1	0.22387777442	339.84607242	17.84	0.0	0.0055843613096
894.0	0.1	0.22438223057	340.10152075	17.86	0.0	0.0055969443605
895.0	0.1	0.2248878234	340.35686868	17.88	0.0	0.0056095557643999995
896.0	0.1	0.22539455547	340.61211601	17.9	0.0	0.0056221955851
897.0	0.1	0.22590242933	340.86726249	17.92	0.0	0.0056348638866
898.0	0.1	0.22641144757	341.12230791	17.94	0.0	0.005647560733300001
899.0	0.1	0.22692161276	341.37725203	17.96	0.0	0.005660286189200001
900.0	0.1	0.22743292749	341.63209463	17.98	0.0	0.005673040319100001
901.0	0.1	0.22794539435	341.88683547	18.0	0.0	0.005685823187300001
902.0	0.1	0.22845901594	342.14147434	18.02	0.0	0.005698634858800001
903.0	0.1	0.22897379485	342.396011	18.04	0.0	0.0057114753984
904.0	0.1	0.22948973369	342.65044521	18.06	0.0	0.0057243448710999996
905.0	0.1	0.23000683508	342.90477675	18.08	0.0	0.0057372433422
906.0	0.1	0.23052510164	343.15900539	18.1	0.0	0.005750170877
907.0	0.1	0.23104453599	343.4131309	18.12	0.0	0.005763127540899999
908.0	0.1	0.23156514076	343.66715304	18.14	0.0	0.0057761133996
909.0	0.1	0.23208691859	343.92107157	18.16	0.0	0.005789128519
910.0	0.1	0.23260987213	344.17488628	18.18	0.0	0.0058021729648
911.0	0.1	0.23313400402	344.42859691	18.2	0.0	0.0058152468033
912.0	0.1	0.23365931692	344.68220325	18.22	0.0	0.0058283501006
913.0	0.1	0.23418581349	344.93570504	18.24	0.0	0.0058414829231
914.0	0.1	0.2347134964	345.18910206	18.26	0.0	0.0058546453373
915.0	0.1	0.23524236832	345.44239408	18.28	0.0	0.00586783741
916.0	0.1	0.23577243192	345.69558085	18.3	0.0	0.0058810592079
917.0	0.1	0.2363036899	345.94866213	18.32	0.0	0.0058943107981
918.0	0.1	0.23683614495	346.2016377	18.34	0.0	0.0059075922476
919.0	0.1	0.23736979976	346.45450731	18.36	0.0	0.0059209036236999996
920.0	0.1	0.23790465703	346.70727072	18.38	0.0	0.0059342449939000005
921.0	0.1	0.23844071948	346.95992769	18.4	0.0	0.0059476164258
922.0	0.1	0.23897798982	347.21247799	18.42	0.0	0.005961017987000001
923.0	0.1	0.23951647078	347.46492137	18.44	0.0	0.0059744497456
924.0	0.1	0.24005616507	347.71725759	18.46	0.0	0.005987911769399999
925.0	0.1	0.24059707544	347.96948641	18.48	0.0	0.0060014041268
926.0	0.1	0.24113920463	348.22160759	18.5	0.0	0.006014926886
927.0	0.1	0.24168255537	348.47362089	18.52	0.0	0.0060284801156
928.0	0.1	0.24222713043	348.72552606	18.54	0.0	0.006042063884300001
929.0	0.1	0.24277293256	348.97732286	18.56	0.0	0.006055678260800001
930.0	0.1	0.24331996453	349.22901105	18.58	0.0	0.0060693233141
931.0	0.1	0.24386822911	349.48059038	18.6	0.0	0.0060829991133
932.0	0.1	0.24441772907	349.7320606	18.62	0.0	0.006096705727800001
933.0	0.1	0.24496846721	349.98342147	18.64	0.0	0.0061104432268
934.0	0.1	0.2455204463	350.23467275	18.66	0.0	0.0061242116802
935.0	0.1	0.24607366915	350.48581418	18.68	0.0	0.0061380111575
936.0	0.1	0.24662813855	350.73684552	18.7	0.0	0.0061518417287
937.0	0.1	0.24718385733	350.98776652	18.72	0.0	0.0061657034639
938.0	0.1	0.24774082828	351.23857693	18.74	0.0	0.0061795964332
939.0	0.1	0.24829905424	351.48927651	18.76	0.0	0.0061935207071
940.0	0.1	0.24885853803	351.73986499	18.78	0.0	0.0062074763561
941.0	0.1	0.24941928249	351.99034215	18.8	0.0	0.0062214634508
942.0	0.1	0.24998129045	352.24070771	18.82	0.0	0.0062354820623
943.0	0.1	0.25054456477	352.49096143	18.84	0.0	0.006249532261299999
944.0	0.1	0.25110910829	352.74110306	18.86	0.0	0.0062636141191999995
945.0	0.1	0.25167492388	352.99113235	18.88	0.0	0.0062777277073
946.0	0.1	0.25224201441	353.24104904	18.9	0.0	0.006291873097100001
947.0	0.1	0.25281038273	353.49085288	18.92	0.0	0.006306050360100001
948.0	0.1	0.25338003175	353.74054361	18.94	0.0	0.006320259568300001
949.0	0.1	0.25395096433	353.99012099	18.96	0.0	0.0063345007937
950.0	0.1	0.25452318338	354.23958475	18.98	0.0	0.006348774108300001
951.0	0.1	0.25509669179	354.48893463	19.0	0.0	0.0063630795845
952.0	0.1	0.25567149246	354.73817039	19.02	0.0	0.0063774172947
953.0	0.1	0.25624758832	354.98729176	19.04	0.0	0.0063917873116000005
954.0	0.1	0.25682498227	355.23629849	19.06	0.0	0.0064061897078999995
955.0	0.1	0.25740367724	355.48519032	19.08	0.0	0.006420624556699999
956.0	0.1	0.25798367617	355.73396699	19.1	0.0	0.0064350919311
957.0	0.1	0.25856498199	355.98262824	19.12	0.0	0.0064495919042
958.0	0.1	0.25914759764	356.23117381	19.14	0.0	0.0064641245497
959.0	0.1	0.25973152609	356.47960343	19.16	0.0	0.006478689941100001
960.0	0.1	0.26031677028	356.72791686	19.18	0.0	0.0064932881522
961.0	0.1	0.26090333318	356.97611382	19.2	0.0	0.006507919257
962.0	0.1	0.26149121776	357.22419406	19.22	0.0	0.0065225833294999995
963.0	0.1	0.262080427	357.47215731	19.24	0.0	0.006537280444
964.0	0.1	0.26267096389	357.72000330000003	19.26	0.0	0.006552010675100001
965.0	0.1	0.26326283142	357.96773178	19.28	0.0	0.006566774097300001
966.0	0.1	0.26385603258	358.21534248	19.3	0.0	0.0065815707854
967.0	0.1	0.26445057038	358.46283513	19.32	0.0	0.0065964008144
968.0	0.1	0.26504644783	358.71020946	19.34	0.0	0.0066112642594
969.0	0.1	0.26564366795	358.95746522	19.36	0.0	0.0066261611957
970.0	0.1	0.26624223377	359.20460213	19.38	0.0	0.0066410916987
971.0	0.1	0.26684214831	359.45161993	19.4	0.0	0.0066560558442
972.0	0.1	0.26744341462	359.69851834	19.42	0.0	0.0066710537078
973.0	0.1	0.26804603575	359.94529710000006	19.44	0.0	0.0066860853656
974.0	0.1	0.26865001474	360.19195594	19.46	0.0	0.0067011508937
975.0	0.1	0.26925535466	360.43849459	19.48	0.0	0.0067162503685000005
976.0	0.1	0.26986205856	360.68491277	19.5	0.0	0.006731383866399999
977.0	0.1	0.27047012954	360.93121022	19.52	0.0	0.0067465514641000006
978.0	0.1	0.27107957066	361.17738666	19.54	0.0	0.0067617532384
979.0	0.1	0.27169038501	361.42344183	19.56	0.0	0.0067769892664
980.0	0.1	0.27230257569	361.66937544	19.58	0.0	0.0067922596251999996
981.0	0.1	0.27291614579	361.91518723	19.6	0.0	0.0068075643920999995
982.0	0.1	0.27353109844	362.16087692	19.62	0.0	0.0068229036448
983.0	0.1	0.27414743673	362.40644423	19.64	0.0	0.006838277460899999
984.0	0.1	0.2747651638	362.65188889	19.66	0.0	0.0068536859183
985.0	0.1	0.27538428277	362.89721062	19.68	0.0	0.006869129095
986.0	0.1	0.27600479679	363.14240915	19.7	0.0	0.0068846070694
987.0	0.1	0.27662670898	363.38748419	19.72	0.0	0.0069001199197
988.0	0.1	0.27725002251	363.63243548	19.74	0.0	0.0069156677246
989.0	0.1	0.27787474053	363.87726273	19.76	0.0	0.0069312505628
990.0	0.1	0.27850086621	364.12196565	19.78	0.0	0.0069468685133
991.0	0.1	0.27912840271	364.36654398	19.8	0.0	0.0069625216552
992.0	0.1	0.27975735322	364.61099743	19.82	0.0	0.0069782100678
993.0	0.1	0.28038772093	364.85532571	19.84	0.0	0.0069939338306
994.0	0.1	0.28101950901	365.09952856	19.86	0.0	0.0070096930231
995.0	0.1	0.28165272069	365.34360568	19.88	0.0	0.007025487725399999
996.0	0.1	0.28228735916	365.58755678	19.9	0.0	0.0070413180172
997.0	0.1	0.28292342764	365.8313816	19.92	0.0	0.007057183979
998.0	0.1	0.28356092935	366.07507984	19.94	0.0	0.007073085691
999.0	0.1	0.28419986752	0.0	0.0	0.0	0.0
