# cycle	R.palustris	Synechococcus	co2_e	h2_e	n2_e	sucr_e
0.0	0.1	0.23	100.0	0.0	28.0	0.0
1.0	0.10047989942	0.23026442915	99.95653	0.001939681776	27.998060318	0.006670000000000001
2.0	0.10104757332	0.23052916232	99.91108171100001	0.0042341348767	27.995765865	0.009184025954299999
3.0	0.10161845436	0.23079419985	99.865582854	0.0065415507803	27.993458449000002	0.011682206145999999
4.0	0.10219256067	0.23105954209	99.820033382	0.008862002721899999	27.991137997	0.014164416503999999
5.0	0.10276991046	0.23132518939	99.774433246	0.011195564350000001	27.988804436	0.016630532219999997
6.0	0.10335052206	0.2315911421	99.728782397	0.013542309730000002	27.98645769	0.019080427737
7.0	0.10393441391	0.23185740058	99.683080786	0.015902313344	27.984097687	0.021513976749999997
8.0	0.10452160452	0.23212396517	99.637328365	0.018275650097	27.98172435	0.023931052203
9.0	0.10511211254	0.23239083623	99.591525085	0.020662395317	27.979337605	0.026331526279
10.0	0.10570595671	0.23265801411	99.545670898	0.023062624755	27.976937375	0.0287152704
11.0	0.10630315588	0.23292549917	99.499765755	0.025476414593000003	27.974523585	0.031082155222999997
12.0	0.106903729	0.23319329174	99.45380960700001	0.027903841442	27.972096159	0.033432050632
13.0	0.10750769513	0.2334613922	99.407802406	0.030344982344999997	27.969655018	0.035764825738
14.0	0.10811507345	0.23372980089	99.361744102	0.032799914783	27.967200085	0.03808034887
15.0	0.10872588323	0.23399851817	99.31563464799999	0.035268716673	27.964731283000003	0.040378487574
16.0	0.10934014385	0.23426754438	99.269473995	0.03775146637	27.962248534	0.042659108609
17.0	0.10995787482	0.2345368799	99.223262095	0.040248242675999996	27.959751757	0.044922077939
18.0	0.11057909574	0.23480652507	99.176998897	0.042759124836	27.957240875	0.047167260731
19.0	0.11120382632	0.23507648025	99.130684355	0.045284192540999996	27.954715807	0.04939452135
20.0	0.1118320864	0.23534674579	99.084318419	0.047823525936000005	27.952176474	0.051603723354
21.0	0.11246389591	0.23561732205	99.037901041	0.050377205615999995	27.949622794	0.053794729491
22.0	0.11309927491	0.2358882094	98.991432171	0.052945312633	27.947054686999998	0.055967401689999995
23.0	0.11373824357	0.23615940818	98.944911762	0.055527928494	27.944472071999996	0.058121601063
24.0	0.11438082216	0.23643091876	98.898339766	0.058125135171	27.941874865	0.060257187895
25.0	0.11502703108	0.23670274149	98.851716132	0.060737015095	27.939262985	0.06237402164
26.0	0.11567689083	0.23697487673	98.80504081299999	0.06336365116499999	27.936636349	0.06447196092
27.0	0.11633042205	0.23724732484	98.75831376	0.066005126747	27.933994873000003	0.066550863515
28.0	0.11698764548	0.23752008619	98.711534925	0.06866152568	27.931338474	0.068610586362
29.0	0.11764858198	0.23779316113	98.66470425899999	0.071332932274	27.928667068000003	0.070650985549
30.0	0.11831325252	0.23806655002	98.617821713	0.074019431318	27.925980569	0.072671916309
31.0	0.1189816782	0.23834025322	98.570887239	0.07672110807799999	27.923278892	0.074673233018
32.0	0.11965388023	0.23861427109	98.52390078799999	0.07943804830199999	27.920561951999996	0.07665478918600001
33.0	0.12032987996	0.23888860401	98.476862311	0.082170338224	27.917829662	0.07861643745500001
34.0	0.12100969883	0.23916325232	98.429771761	0.084918064563	27.915081935	0.080558029596
35.0	0.12169335843	0.23943821639	98.38262908899999	0.08768131452899999	27.912318685	0.082479416499
36.0	0.12238088044	0.23971349659	98.335434245	0.090460175826	27.909539824	0.084380448169
37.0	0.1230722867	0.23998909327	98.28818718299999	0.09325473665100001	27.906745263	0.086260973727
38.0	0.12376759915	0.2402650068	98.24088785200001	0.0960650857	27.903934914	0.088120841395
39.0	0.12446683985	0.24054123755	98.193536205	0.09889131217199999	27.901108688	0.0899598985
40.0	0.125170031	0.24081778588	98.14613219299999	0.10173350577	27.898266494	0.09177799146500001
41.0	0.12587719491	0.24109465216	98.098675767	0.1045917567	27.895408243000002	0.093574965801
42.0	0.12658835404	0.24137183675	98.05116688	0.10746615567	27.892533844000003	0.095350666107
43.0	0.12730353096	0.24164934001	98.00360548200001	0.11035679392999999	27.889643206	0.097104936063
44.0	0.12802274835	0.24192716232	97.955991525	0.11326376322000001	27.886736236999997	0.09883761842199999
45.0	0.12874602906	0.24220530404	97.908324961	0.11618715579000002	27.883812844	0.10054855501
46.0	0.12947339603	0.24248376553	97.860605742	0.11912706444	27.880872936	0.10223758672000001
47.0	0.13020487235	0.24276254717	97.81283381799999	0.12208358248	27.877916418	0.10390455349
48.0	0.13094048124	0.24304164932	97.76500914200001	0.12505680374000003	27.874943196	0.0070401138679
49.0	0.13168024604	0.24332107236	97.717131665	0.12804682259000003	27.871953176999998	0.008662466829299999
50.0	0.13242419024	0.24360081664	97.669201339	0.13105373393	27.868946266	0.010262269006
51.0	0.13317233745	0.24388088254	97.621218115	0.13407763319	27.865922367	0.011839356529
52.0	0.13392471141	0.24416127044	97.573181946	0.13711861635	27.862881384	0.013393564564
53.0	0.134681336	0.24444198069	97.525092782	0.14017677994	27.85982322	0.014924727302000002
54.0	0.13544223524	0.24472301368	97.476950575	0.14325222099999999	27.856747779000003	0.016432677956
55.0	0.13620743327	0.24500436976	97.428755278	0.14634503715999997	27.853654963	0.017917248754
56.0	0.13697695439	0.24528604932	97.380506841	0.14945532658	27.850544673	0.019378270934
57.0	0.13775082301	0.24556805272	97.33220521700001	0.15258318797	27.847416812	0.020815574739
58.0	0.13852906371	0.24585038034	97.283850358	0.15572872060999998	27.844271279	0.02222898941
59.0	0.13931170117	0.24613303255	97.235442214	0.15889202433	27.841107976	0.023618343182000002
60.0	0.14009876024	0.24641600972	97.18698073799999	0.16207319953	27.837926799999998	0.024983463276999997
61.0	0.1408902659	0.24669931223	97.138465882	0.16527234719	27.834727653	0.026324175897
62.0	0.14168624327	0.24698294045	97.089897598	0.16848956884	27.831510430999998	0.027640306221
63.0	0.14248671762	0.24726689476	97.041275837	0.17172496658	27.828275033	0.028931678399
64.0	0.14329171435	0.24755117552	96.99260055100001	0.17497864312	27.825021356999997	0.030198115543
65.0	0.144101259	0.24783578312	96.943871692	0.17825070171000001	27.821749298	0.031439439723
66.0	0.14491537729	0.24812071793	96.895089212	0.18154124621	27.818458754	0.032655471963999996
67.0	0.14573409504	0.24840598033	96.84625306299999	0.18485038105999999	27.815149619	0.033846032234
68.0	0.14655743823	0.24869157069	96.79736319700001	0.18817821129	27.811821789	0.035010939442
69.0	0.14738543301	0.2489774894	96.74841956600001	0.19152484251	27.808475156999997	0.036150011433
70.0	0.14821810565	0.24926373682	96.699422122	0.19489038095	27.805109619	0.037263064977
71.0	0.14905548258	0.24955031334	96.650370816	0.19827493342	27.801725067	0.038349915769
72.0	0.14989759038	0.24983721933	96.60126560200001	0.20167860734999998	27.798321393000002	0.039410378418
73.0	0.15074445577	0.25012445517	96.55210643	0.20510151077	27.794898489	0.040444266444
74.0	0.15159610563	0.25041202125	96.502893253	0.20854375231	27.791456248000003	0.041451392268
75.0	0.152452567	0.25069991794	96.453626024	0.21200544123	27.787994559	0.04243156721
76.0	0.15331386705	0.25098814563	96.40430469399999	0.2154866874	27.784513313	0.043384601482999996
77.0	0.15418003313	0.25127670469	96.354929215	0.21898760130999997	27.781012399	0.044310304179
78.0	0.15505109272	0.2515655955	96.305499539	0.22250829408000003	27.777491706	0.045208483274999996
79.0	0.15592707348	0.25185481844	96.25601562	0.22604887744000002	27.773951123000003	0.046078945614
80.0	0.15680800319	0.25214437391	96.206477408	0.22960946378000002	27.770390536	0.046921496908
81.0	0.15769390984	0.25243426227	96.15688485700001	0.23319016609999998	27.766809834	0.047735941727
82.0	0.15858482152	0.25272448392	96.107237919	0.23679109805999998	27.763208902	0.048522083492999996
83.0	0.15948076652	0.25301503923	96.057536545	0.24041237393000003	27.759587626	0.049279724474999995
84.0	0.16038177328	0.25330592859	96.007780689	0.24405410866	27.755945891	0.050008665780999995
85.0	0.16128787038	0.25359715238	95.957970302	0.24771641783000004	27.752283581999997	0.050708707351
86.0	0.1621990866	0.25388871099	95.908105338	0.25139941766999996	27.748600581999998	0.05137964795199999
87.0	0.16311545085	0.25418060481	95.858185748	0.2551032251	27.744896775	0.052021285171
88.0	0.16403699221	0.25447283421	95.808211485	0.25882795765	27.741172042	0.052633415406
89.0	0.16496373994	0.25476539958	95.75818250100001	0.26257373354	27.737426266	0.053215833861999996
90.0	0.16589572345	0.25505830132	95.70809875	0.26634067168000003	27.733659328	0.053768334543
91.0	0.16683297232	0.2553515398	95.65796018299999	0.2701288916	27.729871108	0.054290710247
92.0	0.16777551629	0.25564511542	95.60776675299999	0.27393851355	27.726061486	0.054782752554
93.0	0.16872338528	0.25593902855	95.557518413	0.27776965845	27.722230342	0.055244251826
94.0	0.16967660938	0.2562332796	95.507215116	0.28162244788	27.718377552	0.055674997195
95.0	0.17063521884	0.25652786895	95.45685681399999	0.28549700413	27.714502996	0.056074776557
96.0	0.17159924409	0.25682279698	95.40644346	0.28939345018	27.71060655	0.056443376568
97.0	0.17256871571	0.25711806409	95.35597500600001	0.29331190969	27.70668809	0.056780582631
98.0	0.17354366449	0.25741367066	95.305451406	0.29725250703	27.702747493	0.057086178896000005
99.0	0.17452412137	0.25770961709	95.25487261299999	0.30121536728	27.698784633000002	0.057359948246
100.0	0.17551011746	0.25800590377	95.20423857899999	0.30520061621	27.694799384	0.057601672297
101.0	0.17650168406	0.25830253109	95.15354925700001	0.30920838031	27.69079162	0.057811131382999995
102.0	0.17749885264	0.25859949944	95.1028046	0.31323878677	27.686761213	0.057988104554000004
103.0	0.17850165486	0.25889680921	95.05200456200001	0.31729196353	27.682708035999998	0.058132369568
104.0	0.17951012253	0.25919446079	95.001149094	0.32136803921999996	27.678631961	0.058243702882
105.0	0.18052428766	0.25949245458	94.95023815200001	0.32546714321	27.674532857	0.058321879646
106.0	0.18154418245	0.25979079098	94.899271686	0.32958940562	27.670410594	0.058366673696
107.0	0.18256983926	0.26008947036	94.848249651	0.33373495726	27.666265043000003	0.058377857542000006
108.0	0.18360129066	0.26038849314	94.797172	0.33790392973000005	27.66209607	0.058355202369
109.0	0.18463856936	0.2606878597	94.746038686	0.34209645533	27.657903545	0.058298478021
110.0	0.18568170831	0.26098757044	94.69484966200001	0.34631266713	27.653687333	0.058207452998
111.0	0.1867307406	0.26128762576	94.643604883	0.35055269895999996	27.649447301	0.058081894448
112.0	0.18778569953	0.26158802604	94.5923043	0.35481668538000005	27.645183315	0.057921568156000004
113.0	0.18884661858	0.2618887717	94.54094786799999	0.35910476173	27.640895238000002	0.057726238542
114.0	0.18991353143	0.26218986312	94.489535539	0.36341706410999997	27.636582936	0.057495668649000006
115.0	0.19098647194	0.2624913007	94.438067269	0.36775372939	27.632246271	0.057229620135000006
116.0	0.19206547416	0.26279308484	94.386543009	0.37211489520999996	27.627885105	0.056927853267
117.0	0.19315057234	0.26309521594	94.334962714	0.37650069998	27.623499300000002	0.056590126913
118.0	0.19424180093	0.2633976944	94.283326338	0.38091128292	27.619088716999997	0.05621619853299999
119.0	0.19533919454	0.26370052062	94.23163383299999	0.385346784	27.614653216	0.055805824172
120.0	0.19644278802	0.26400369499	94.179885155	0.389807344	27.610192656	0.055358758450999995
121.0	0.19755261639	0.26430721792	94.128080256	0.39429310450000005	27.605706895	0.054874754558
122.0	0.19866871488	0.26461108981	94.07621909	0.39880420788000004	27.601195792	0.054353564244
123.0	0.1997911189	0.26491531105	94.024301612	0.40334079729999994	27.596659203	0.053794937810000006
124.0	0.20091986409	0.26521988206	93.972327776	0.40790301676	27.592096983	0.0531986241
125.0	0.20205498627	0.26552480323	93.920297535	0.41249101104999997	27.587508989	0.052564370496
126.0	0.20319652146	0.26583007497	93.86821084299999	0.41710492579999997	27.582895074	0.051891922906
127.0	0.2043445059	0.26613569767	93.816067656	0.42174490744000004	27.578255093000003	0.051181025756000004
128.0	0.20549897603	0.26644167175	93.763867926	0.42641110325000003	27.573588896999997	0.050431421982000006
129.0	0.20665996848	0.2667479976	93.711611608	0.43110366131000005	27.568896339000002	0.049642853025
130.0	0.2078275201	0.26705467563	93.659298656	0.43582273058	27.564177269	0.048815058816
131.0	0.20900166795	0.26736170625	93.606929025	0.44056846083000006	27.559431539000002	0.047947777772
132.0	0.2101824493	0.26766908986	93.55450267	0.44534100268	27.554658996999997	0.047040746787
133.0	0.21136990163	0.26797682686	93.50201954299999	0.4501405076100001	27.549859492	0.04609370122
134.0	0.21256406261	0.26828491767	93.44947960100001	0.45496712795	27.545032871999997	0.045106374893
135.0	0.21376497016	0.26859336269	93.396882798	0.45982101688999993	27.540178983	0.044078500072999995
136.0	0.21497266239	0.26890216232	93.34422908799999	0.46470232849	27.535297672	0.043009807473999996
137.0	0.21618717763	0.26921131698	93.29151842600001	0.46961121767999997	27.530388782	0.041900026236
138.0	0.21740855442	0.26952082707	93.23875076700001	0.47454784024999996	27.52545216	0.040748883929
139.0	0.21863683154	0.269830693	93.18592606600001	0.4795123529	27.520487647	0.039556106532
140.0	0.21987204797	0.27014091518	93.13304427700001	0.4845049132	27.515495086999998	0.038321418432
141.0	0.2211142429	0.27045149403	93.080105356	0.48952567959	27.51047432	0.037044542413
142.0	0.22236345578	0.27076242994	93.027109257	0.49457481143999993	27.505425189	0.035725199646
143.0	0.22361972624	0.27107372333	92.974055936	0.49965246899	27.500347531	0.034363109679
144.0	0.22488309416	0.27138537461	92.92094534700001	0.50475881342	27.495241186999998	0.03295799043
145.0	0.22615359963	0.2716973842	92.86777744700001	0.5098940067800001	27.490105993	0.031509558176
146.0	0.22743128299	0.2720097525	92.81455219	0.5150582120699999	27.484941788	0.030017527546
147.0	0.22871618478	0.27232247993	92.76126953100001	0.52025159319	27.479748407	0.028481611507
148.0	0.23000834579	0.2726355669	92.70792942700001	0.52547431497	27.474525685	0.026901521361
149.0	0.23130780702	0.27294901383	92.654531832	0.53072654318	27.469273456999996	0.02527696673
150.0	0.23261460972	0.27326282112	92.60107670200001	0.53600844452	27.463991555	0.023607655548
151.0	0.23392879537	0.27357698919	92.547563994	0.54132018662	27.458679813000003	0.021893294054
152.0	0.23525040568	0.27389151846	92.493993661	0.54666193809	27.453338061999997	0.02013358678
153.0	0.23657948259	0.27420640934	92.440365661	0.55203386845	27.447966131999998	0.018328236539
154.0	0.2379160683	0.27452166225	92.386679949	0.55743614822	27.442563852	0.016476944421000003
155.0	0.23926020521	0.2748372776	92.332936481	0.5628689488399999	27.437131050999998	0.014579409779000001
156.0	0.24061193599	0.27515325581	92.27913521299999	0.56833244277	27.431667556999997	0.012635330220000001
157.0	0.24197130355	0.27546959731	92.225276101	0.5738268033899999	27.426173196999997	0.010644401595999999
158.0	0.24333835102	0.27578630249	92.17135910100001	0.57935220509	27.420647795	0.0086063179909
159.0	0.24469549489	0.27610337179	92.118295414	0.5848375779199999	27.415162421999998	0.0079978027722
160.0	0.24605214281	0.27642080562	92.065595698	0.59032094617	27.409679054	0.0080069977819
161.0	0.24741587578	0.2767386044	92.012867825	0.59583295112	27.404167049	0.008016203363
162.0	0.24878673035	0.27705676856	91.96011192700001	0.60137374056	27.398626259	0.008025419527699999
163.0	0.25016474329	0.2773752985	91.90732814	0.60694346304	27.393056537	0.0080346462881
164.0	0.25154995154	0.27769419465	91.85451659600001	0.61254226787	27.387457731999998	0.0080438836565
165.0	0.25294239222	0.27801345744	91.801677434	0.61817030513	27.381829695	0.008053131645
166.0	0.25434210266	0.27833308728	91.74881078799999	0.6238277256600001	27.376172274	0.008062390265800001
167.0	0.25574912038	0.2786530846	91.695916798	0.6295146811	27.370485319	0.008071659531199999
168.0	0.25716348307	0.27897344981	91.64299560299999	0.63523132385	27.364768676	0.0080809394534
169.0	0.25858522864	0.27929418335	91.590047341	0.6409778071	27.359022193	0.008090230044600001
170.0	0.26001439519	0.27961528563	91.537072155	0.64675428482	27.353245715	0.008099531317199999
171.0	0.26145102101	0.27993675708	91.48407018700001	0.65256091179	27.347439088	0.0081088432833
172.0	0.26289514458	0.28025859813	91.431041579	0.65839784357	27.341602156	0.0081181659554
173.0	0.2643468046	0.28058080919	91.377986476	0.66426523653	27.335734763	0.0081274993457
174.0	0.26580601689	0.28090339069	91.324907885	0.67016315464	27.329836845	0.0081368434664
175.0	0.26727279513	0.28122634307	91.271809089	0.67609165323	27.323908347	0.0081461983301
176.0	0.26874717807	0.28154966674	91.21869027	0.6820508888600001	27.317949111	0.0081555639489
177.0	0.27022920465	0.28187336213	91.165551614	0.68804101891	27.311958981	0.0081649403353
178.0	0.27171891399	0.28219742967	91.112393305	0.69406220155	27.305937798000002	0.0081743275017
179.0	0.27321634543	0.28252186979	91.05921553200001	0.7001145957800001	27.299885404	0.0081837254605
180.0	0.27472153851	0.28284668292	91.006018482	0.7061983613799999	27.293801639	0.008193134224
181.0	0.27623453084	0.28317186948	90.952802608	0.7123136504	27.28768635	0.0082025538046
182.0	0.27775534075	0.28349742991	90.89957078200001	0.7184605368699999	27.281539463	0.0082119842149
183.0	0.2792840081	0.28382336463	90.846323215	0.72463918198	27.275360818000003	0.0082214254673
184.0	0.28082057298	0.28414967407	90.793060116	0.73084974772	27.269150252	0.008230877574200001
185.0	0.28236507567	0.28447635867	90.73978169899999	0.73709239691	27.262907603000002	0.0082403405481
186.0	0.28391755666	0.28480341886	90.686488176	0.74336729318	27.256632706999998	0.008249814401500001
187.0	0.28547805664	0.28513085506	90.63317976399999	0.7496746010100002	27.250325399	0.0082592991469
188.0	0.28704661651	0.28545866772	90.579856679	0.7560144857100001	27.243985514000002	0.0082687947968
189.0	0.28862327738	0.28578685726	90.526519138	0.76238711345	27.237612886999997	0.0082783013639
190.0	0.29020808056	0.28611542412	90.47316736200001	0.7687926512000001	27.231207349	0.0082878188605
191.0	0.29180106758	0.28644436872	90.41980157100001	0.7752312668100001	27.224768733	0.0082973472993
192.0	0.29340228019	0.28677369151	90.366421988	0.7817031289899999	27.218296871	0.0083068866929
193.0	0.29501176032	0.28710339293	90.313028837	0.78820840728	27.211791593	0.0083164370539
194.0	0.29662955014	0.28743347339	90.25962234200001	0.7947472721100001	27.205252728	0.0083259983949
195.0	0.29825569204	0.28776393335	90.206202733	0.80131989475	27.198680105	0.008335570728399999
196.0	0.29989022859	0.28809477324	90.152770235	0.80792644736	27.192073553	0.0083451540672
197.0	0.30153320262	0.28842599349	90.09932508	0.8145671029699999	27.185432897	0.0083547484239
198.0	0.30318465714	0.28875759454	90.045867499	0.8212420354800001	27.178757965	0.008364353811100001
199.0	0.30484463541	0.28908957682	89.992397725	0.82795141969	27.17204858	0.0083739702415
200.0	0.30651318088	0.28942194079	89.938915992	0.83469543128	27.165304569	0.0083835977279
201.0	0.30819033725	0.28975468687	89.88542253700001	0.8414742468199999	27.158525753000003	0.008393236283
202.0	0.30987614842	0.29008781551	89.83191759600001	0.84828804377	27.151711956	0.0084028859194
203.0	0.31157065853	0.29042132715	89.77840141	0.85513700052	27.144862999	0.0084125466499
204.0	0.31327391192	0.29075522222	89.724874218	0.86202129634	27.137978704000002	0.0084222184872
205.0	0.31498595319	0.29108950116	89.67133626399999	0.8689411114100001	27.131058889000002	0.0084319014443
206.0	0.31670682713	0.29142416443	89.61778779	0.87589662686	27.124103373	0.0084415955337
207.0	0.31843657879	0.29175921245	89.564229043	0.8828880246899999	27.117111975	0.0084513007683
208.0	0.32017525343	0.29209464567	89.510660269	0.88991548787	27.110084511999997	0.008461017161
209.0	0.32192289653	0.29243046454	89.457081718	0.89697920028	27.1030208	0.0084707447245
210.0	0.32367955384	0.2927666695	89.40349363799999	0.90407934672	27.095920653	0.0084804834718
211.0	0.3254452713	0.29310326099	89.349896284	0.91121611297	27.088783886999998	0.0084902334156
212.0	0.32722009511	0.29344023946	89.296289907	0.9183896856999999	27.081610314000002	0.0084999945688
213.0	0.32900407169	0.29377760535	89.24267476200001	0.9256002525799999	27.074399746999998	0.0085097669444
214.0	0.33079724771	0.2941153591	89.18905110799999	0.93284800221	27.067151998000003	0.008519550555100001
215.0	0.33259967006	0.29445350117	89.13541920200001	0.9401331241399999	27.059866875999997	0.008529345414
216.0	0.33441138589	0.294792032	89.081779305	0.9474558089	27.052544191	0.008539151533999999
217.0	0.33623244256	0.29513095203	89.028131678	0.95481624798	27.045183752	0.008548968928
218.0	0.33806288771	0.29547026172	88.974476584	0.9622146338500001	27.037785365999998	0.008558797609
219.0	0.33990276918	0.29580996151	88.92081429	0.9696511599500001	27.03034884	0.0085686375899
220.0	0.34175213508	0.29615005185	88.867145061	0.9771260206999999	27.022873979	0.0085784888838
221.0	0.34361103377	0.29649053319	88.81346916700001	0.98463941153	27.015360588000004	0.008588351503600001
222.0	0.34547951383	0.29683140597	88.75978687799999	0.9921915288400001	27.007808471	0.0085982254624
223.0	0.3473576241	0.29717267066	88.706098466	0.9997825700399999	27.00021743	0.008608110773200001
224.0	0.34924541367	0.29751432769	88.652404205	1.0074127335	26.992587265999997	0.0086180074491
225.0	0.35114293189	0.29785637753	88.59870437	1.0150822187000001	26.984917781	0.0086279155031
226.0	0.35305022834	0.29819882062	88.54499923899999	1.0227912261	26.977208774	0.0086378349484
227.0	0.35496735285	0.29854165741	88.49128909	1.030539957	26.969460043	0.0086477657979
228.0	0.35689435554	0.29888488836	88.437574205	1.0383286140999999	26.961671386	0.008657708064799999
229.0	0.35883128673	0.29922851391	88.38385486600001	1.0461574006	26.953842599	0.0086676617623
230.0	0.36077819705	0.29957253453	88.33013135799999	1.0540265213	26.945973479000003	0.008677626903500001
231.0	0.36273513735	0.29991695067	88.27640396700001	1.0619361817	26.938063818000003	0.0086876035015
232.0	0.36470215875	0.30026176279	88.222672981	1.0698865884	26.930113411999997	0.0086975915695
233.0	0.36667931264	0.30060697132	88.16893869	1.0778779491	26.922122051	0.008707591120799999
234.0	0.36866665064	0.30095257675	88.115201385	1.0859104725	26.914089526999998	0.0087176021684
235.0	0.37066422468	0.30129857951	88.061461361	1.0939843684000001	26.906015632	0.008727624725700002
236.0	0.37267208691	0.30164498007	88.007718912	1.1020998476000001	26.897900152	0.008737658805799998
237.0	0.37469028977	0.30199177888	87.953974337	1.1102571222	26.889742878000003	0.008747704422000001
238.0	0.37671888596	0.30233897641	87.900227933	1.118456405	26.881543595	0.008757761587600001
239.0	0.37875792845	0.3026865731	87.846480003	1.1266979101	26.87330209	0.0087678303158
240.0	0.38080747047	0.30303456943	87.79273084799999	1.1349818528	26.865018146999997	0.0087779106199
241.0	0.38286756553	0.30338296584	87.738980775	1.1433084493	26.856691550999997	0.0087880025133
242.0	0.3849382674	0.3037317628	87.685230089	1.151677917	26.848322083000003	0.0087981060093
243.0	0.38701963015	0.30408096077	87.63147909899999	1.1600904744	26.839909526	0.008808221121200001
244.0	0.38911170809	0.30443056021	87.577728117	1.1685463409	26.831453659	0.0088183478623
245.0	0.39121455583	0.30478056158	87.52397745399999	1.1770457373999998	26.822954263000003	0.0088284862461
246.0	0.39332822826	0.30513096535	87.470227425	1.1855888856999999	26.814411114000002	0.0088386362859
247.0	0.39545278053	0.30548177197	87.416478346	1.1941760086	26.805823991	0.008848797995100001
248.0	0.39758826807	0.30583298191	87.362730536	1.2028073303	26.79719267	0.0088589713872
249.0	0.39973474662	0.30618459564	87.30898431600001	1.211483076	26.788516924	0.0088691564755
250.0	0.40189227218	0.30653661361	87.25524000700001	1.2202034720000001	26.779796528000002	0.0088793532735
251.0	0.40406090103	0.3068890363	87.201497935	1.2289687459	26.771031254	0.008889561794700001
252.0	0.40624068976	0.30724186416	87.147758425	1.2377791264	26.762220874	0.008899782052600001
253.0	0.40843169522	0.30759509766	87.094021806	1.2466348431999998	26.753365156999998	0.0089100140606
254.0	0.41063397457	0.30794873728	87.040288409	1.2555361273999999	26.744463873	0.008920257832299999
255.0	0.41284758525	0.30830278347	86.986558566	1.2644832111	26.735516789000002	0.0089305133811
256.0	0.41507258499	0.30865723671	86.93283261200001	1.2734763276999999	26.726523672	0.0089407807207
257.0	0.41730903183	0.30901209746	86.879110884	1.2825157118000001	26.717484288	0.0089510598645
258.0	0.41955698408	0.30936736618	86.82539371899999	1.291601599	26.708398401	0.0089613508262
259.0	0.42181650036	0.30972304336	86.77168146	1.3007342264	26.699265774	0.0089716536194
260.0	0.4240876396	0.31007912946	86.717974449	1.3099138318999999	26.690086168	0.0089819682575
261.0	0.42637046101	0.31043562495	86.66427303100001	1.3191406551	26.680859345	0.008992294754399999
262.0	0.4286650241	0.31079253029	86.610577553	1.3284149364	26.671585064000002	0.0090026331235
263.0	0.4309713887	0.31114984597	86.556888365	1.3377369176	26.662263082	0.009012983378500001
264.0	0.43328961493	0.31150757245	86.503205818	1.3471068416999998	26.652893158	0.0090233455332
265.0	0.43561976321	0.31186571021	86.44953026600001	1.3565249531	26.643475047	0.0090337196012
266.0	0.4379618943	0.31222425971	86.395862064	1.3659914971	26.634008503	0.0090441055961
267.0	0.44031606922	0.31258322144	86.342201571	1.3755067205000002	26.62449328	0.009054503531700002
268.0	0.44268234935	0.31294259586	86.28854914700001	1.3850708713	26.614929129	0.009064913421799999
269.0	0.44506079633	0.31330238345	86.23490515399999	1.3946841988	26.605315801	0.00907533528
270.0	0.44745147217	0.31366258469	86.18126995700001	1.4043469534	26.595653047	0.009085769120100002
271.0	0.44985443914	0.31402320005	86.127643922	1.4140593869999998	26.585940613	0.009096214956
272.0	0.45226975987	0.31438423	86.07402742	1.4238217525999999	26.576178246999998	0.0091066728013
273.0	0.45469749729	0.31474567503	86.02042082	1.4336343047	26.566365695	0.00911714267
274.0	0.45713771464	0.3151075356	85.966824497	1.4434972987	26.556502701	0.0091276245757
275.0	0.4595904755	0.31546981221	85.913238826	1.4534109916999998	26.546589008	0.0091381185325
276.0	0.46205584376	0.31583250532	85.859664186	1.463375642	26.536624358	0.009148624554
277.0	0.46453388364	0.31619561542	85.806100958	1.4733915091	26.526608490999998	0.0091591426543
278.0	0.46702465969	0.31655914298	85.752549523	1.4834588538	26.516541145999998	0.0091696728471
279.0	0.46952823679	0.31692308848	85.69901026699999	1.4935779384999999	26.506422061	0.0091802151464
280.0	0.47204468013	0.31728745242	85.645483577	1.5037490266	26.496250973000002	0.009190769566
281.0	0.47457405525	0.31765223525	85.59196984399999	1.5139723831	26.486027616999998	0.0092013361201
282.0	0.47711642803	0.31801743748	85.53846945800001	1.5242482740999999	26.475751726	0.009211914822399999
283.0	0.47967186465	0.31838305958	85.484982816	1.5345769672	26.465423033	0.0092225056869
284.0	0.48224043167	0.31874910202	85.431510313	1.5449587315	26.455041269000002	0.009233108727700001
285.0	0.48482219596	0.31911556531	85.37805235	1.5553938371	26.444606163000003	0.009243723958700002
286.0	0.48741722474	0.31948244991	85.324609326	1.5658825558000002	26.434117444	0.009254351394
287.0	0.49002558557	0.31984975632	85.271181648	1.5764251607	26.423574839	0.0092649910475
288.0	0.49264734634	0.32021748502	85.21776972100001	1.5870219261	26.412978074	0.0092756429334
289.0	0.49528257531	0.32058563649	85.164373954	1.597673128	26.402326872	0.0092863070656
290.0	0.49793134108	0.32095421123	85.110994759	1.6083790436	26.391620956	0.009296983458299999
291.0	0.50059371258	0.32132320971	85.05763255	1.6191399516	26.380860048000002	0.0093076721256
292.0	0.50326975911	0.32169263242	85.004287743	1.6299561319	26.370043868000003	0.0093183730816
293.0	0.50595955031	0.32206247986	84.950960757	1.6408278662	26.359172134	0.0093290863403
294.0	0.50866315619	0.32243275251	84.897652014	1.6517554372999999	26.348244563	0.009339811916
295.0	0.51138064709	0.32280345086	84.844361937	1.6627391297	26.33726087	0.009350549822799998
296.0	0.51411209374	0.3231745754	84.79109095300001	1.673779229	26.326220771	0.0093613000749
297.0	0.5168575672	0.32354612661	84.737839491	1.6848760227000001	26.315123977	0.0093720626865
298.0	0.5196171389	0.323918105	84.684607982	1.6960297993	26.303970201	0.009382837671799999
299.0	0.52239088066	0.32429051104	84.631396862	1.7072408492	26.292759151	0.009393625045000001
300.0	0.52517886461	0.32466334524	84.578206566	1.7185094638999998	26.281490536	0.0094044248203
301.0	0.5279811633	0.32503660809	84.52503753399999	1.7298359366999998	26.270164063000003	0.009415237012
302.0	0.53079784962	0.32541030007	84.471890208	1.7412205619999999	26.258779438	0.0094260616345
303.0	0.53362899684	0.32578442168	84.418765033	1.7526636362	26.247336364000002	0.009436898701899999
304.0	0.53647467859	0.32615897341	84.36566245600001	1.7641654568	26.235834543000003	0.0094477482286
305.0	0.53933496889	0.32653395577	84.312582927	1.7757263230000002	26.224273677	0.009458610228899999
306.0	0.54220994213	0.32690936923	84.259526899	1.7873465354	26.212653465	0.009469484717200001
307.0	0.54509967307	0.32728521431	84.20649482600001	1.7990263963	26.200973604	0.009480371707799999
308.0	0.54800423688	0.3276614915	84.153487168	1.8107662093	26.189233791	0.009491271215100001
309.0	0.55092370906	0.32803820129	84.10050438399999	1.8225662798	26.17743372	0.0095021832534
310.0	0.55385816555	0.32841534417	84.047546939	1.8344269146	26.165573085	0.009513107837299998
311.0	0.55680768263	0.32879292066	83.994615298	1.8463484221000002	26.153651578	0.009524044980999999
312.0	0.559772337	0.32917093124	83.94170993	1.8583311123	26.141668888	0.0095349946991
313.0	0.56275220573	0.32954937642	83.88883130800001	1.8703752966	26.129624703	0.009545957006
314.0	0.56574736628	0.32992825669	83.835979906	1.8824812882	26.117518712	0.0095569319162
315.0	0.56875789653	0.33030757256	83.783156201	1.8946494018	26.105350598	0.0095679194441
316.0	0.57178387473	0.33068732453	83.730360673	1.9068799537	26.093120046	0.0095789196043
317.0	0.57482537954	0.33106751309	83.677593805	1.9191732618000001	26.080826738000003	0.0095899324113
318.0	0.57788249	0.33144813875	83.624856084	1.9315296457	26.068470354000002	0.0096009578797
319.0	0.58095528559	0.33182920202	83.572147997	1.9439494265000001	26.056050574	0.0096119960239
320.0	0.58404384615	0.33221070339	83.51947003800001	1.9564329269	26.043567073000002	0.009623046858600002
321.0	0.5871476845	0.33259264337	83.466793116	1.9689781779	26.031021822	0.009634110398299998
322.0	0.59026676081	0.33297502246	83.414111577	1.9815850185	26.018414982	0.009645186657799999
323.0	0.59340114861	0.33335784118	83.36142568300001	1.9942537458	26.005746254	0.0096562756515
324.0	0.59655092179	0.33374110001	83.308735699	2.0069846586	25.993015341	0.0096673773941
325.0	0.5997161546	0.33412479947	83.25604189100001	2.0197780568	25.980221943000004	0.009678491900299999
326.0	0.60289692164	0.33450894008	83.203344528	2.0326342421	25.967365758000003	0.009689619184799998
327.0	0.60609329787	0.33489352232	83.150643878	2.0455535174	25.954446483	0.009700759262200001
328.0	0.6093053586	0.33527854671	83.097940213	2.0585361871	25.941463813000002	0.009711912147299998
329.0	0.61253317953	0.33566401377	83.045233805	2.0715825571	25.928417443	0.009723077854700002
330.0	0.61577683669	0.33604992399	82.992524929	2.0846929349	25.915307065	0.0097342563993
331.0	0.6190364065	0.33643627789	82.939813862	2.0978676292	25.902132371	0.0097454477958
332.0	0.62231196573	0.33682307598	82.88710088	2.1111069503	25.88889305	0.0097566520589
333.0	0.62560359153	0.33721031877	82.834386263	2.1244112102	25.87558879	0.0097678692035
334.0	0.62891136142	0.33759800677	82.781670292	2.137780722	25.862219278	0.0097790992443
335.0	0.63223535328	0.33798614049	82.72895325	2.1512158006	25.848784199	0.0097903421963
336.0	0.63557564539	0.33837472044	82.676235421	2.1647167624	25.835283238000002	0.0098015980741
337.0	0.63893231638	0.33876374714	82.623517092	2.1782839252	25.821716075	0.009812866892799999
338.0	0.64230544526	0.3391532211	82.570798549	2.1919176083000003	25.808082392	0.009824148667100002
339.0	0.64569511144	0.33954314284	82.51808008399999	2.2056181327	25.794381867	0.009835443412000001
340.0	0.6491013947	0.33993351287	82.465361986	2.2193858209	25.780614179	0.009846751142399999
341.0	0.65252437519	0.3403243317	82.41264454899999	2.2332209967	25.766779003000003	0.009858071873100002
342.0	0.65596413347	0.34071559985	82.359928067	2.2471239859	25.752876014	0.0098694056193
343.0	0.65942075046	0.34110731784	82.307212838	2.2610951155000003	25.738904885	0.0098807523957
344.0	0.6628943075	0.34149948619	82.25449915899999	2.2751347142	25.724865286	0.009892112217399999
345.0	0.66638488628	0.34189210541	82.20178733	2.2892431123	25.710756888000002	0.0099034850995
346.0	0.66989256893	0.34228517602	82.149077654	2.3034206416	25.696579358	0.0099148710568
347.0	0.67341743794	0.34267869854	82.096370433	2.3176676356	25.682332364	0.0099262701045
348.0	0.6769595762	0.34307267349	82.043665973	2.3319844294	25.668015570999998	0.0099376822576
349.0	0.68051906701	0.34346710139	81.990964581	2.3463713596	25.65362864	0.009949107531200001
350.0	0.68409599408	0.34386198276	81.93826656600001	2.3608287646	25.639171235	0.0099605459402
351.0	0.68769044148	0.34425731812	81.88557224	2.3753569841	25.624643016	0.0099719975
352.0	0.69130249373	0.344653108	81.832881914	2.3899563597999998	25.61004364	0.009983462225499999
353.0	0.69493223574	0.34504935291	81.780195902	2.4046272348	25.595372765	0.0099949401319
354.0	0.69857975281	0.34544605338	81.727514523	2.419369954	25.580630046	0.010006431234
355.0	0.70224513067	0.34584320994	81.674838092	2.4341848638	25.565815135999998	0.010017935548
356.0	0.70592845546	0.3462408231	81.622166932	2.4490723125	25.550927688	0.010029453088
357.0	0.70962981373	0.3466388934	81.569501362	2.4640326497	25.53596735	0.01004098387
358.0	0.71334929245	0.34703742135	81.516841708	2.4790662271	25.520933773000003	0.010052527908
359.0	0.71708697899	0.34743640749	81.464188295	2.4941733979	25.505826602	0.010064085219
360.0	0.72084296117	0.34783585234	81.411541451	2.5093545168	25.490645483	0.010075655817
361.0	0.72461732721	0.34823575643	81.358901504	2.5246099406	25.475390059000002	0.010087239718000001
362.0	0.72841016575	0.34863612028	81.306268787	2.5399400275	25.460059973000003	0.010098836936
363.0	0.73222156588	0.34903694443	81.253643633	2.5553451375	25.444654861999997	0.010110447488
364.0	0.7360516171	0.34943822941	81.201026377	2.5708256325	25.429174368	0.010122071389
365.0	0.73990040933	0.34983997573	81.14841735600001	2.5863818758000003	25.413618124	0.010133708653
366.0	0.74376803295	0.35024218395	81.095816911	2.6020142328	25.397985766999998	0.010145359296
367.0	0.74765457875	0.35064485457	81.043225381	2.6177230704	25.38227693	0.010157023334
368.0	0.75156013798	0.35104798815	80.99064311	2.6335087574	25.366491243000002	0.010168700783000001
369.0	0.75548480229	0.35145158521	80.93807044399999	2.6493716644	25.350628336	0.010180391656
370.0	0.75942866382	0.35185564627	80.885507729	2.6653121636000003	25.334687836	0.010192095971
371.0	0.7633918151	0.35226017189	80.832955314	2.6813306291	25.318669371	0.010203813742
372.0	0.76737434915	0.35266516258	80.780413552	2.6974274369	25.302572563000002	0.010215544985
373.0	0.77137635941	0.35307061889	80.727882795	2.7136029645999997	25.286397035	0.010227289715
374.0	0.77539793978	0.35347654134	80.675363398	2.7298575918	25.270142408	0.010239047948
375.0	0.77943918461	0.35388293049	80.622855719	2.7461916998	25.253808300000003	0.010250819699
376.0	0.7835001887	0.35428978685	80.57036011699999	2.7626056717000003	25.237394328	0.010262604984000001
377.0	0.7875810473	0.35469711098	80.517876953	2.7790998926	25.220900107	0.010274403819000001
378.0	0.79168185612	0.3551049034	80.465406592	2.7956747494	25.204325251	0.010286216217999999
379.0	0.79580271135	0.35551316466	80.412949399	2.8123306307	25.187669369	0.010298042199
380.0	0.79994370962	0.35592189529	80.360505742	2.8290679272	25.170932073000003	0.010309881775
381.0	0.80410494802	0.35633109584	80.30807599	2.8458870312999998	25.154112969	0.010321734963
382.0	0.80828652413	0.35674076684	80.255660516	2.8627883373	25.137211663000002	0.010333601779
383.0	0.81248853597	0.35715090884	80.203259693	2.8797722414999996	25.120227758000002	0.010345482238
384.0	0.81671108206	0.35756152237	80.15087389899999	2.8968391420999997	25.103160858000003	0.010357376356
385.0	0.82095426137	0.35797260798	80.098503511	2.9139894391000003	25.086010561	0.010369284149
386.0	0.82521817336	0.35838416622	80.04614891	2.9312235345	25.068776465	0.010381205631
387.0	0.82950291796	0.35879619762	79.99381047899999	2.9485418322	25.051458168000003	0.01039314082
388.0	0.83380859558	0.35920870273	79.94148860199999	2.965944738	25.034055262	0.010405089731
389.0	0.83813530712	0.35962168209	79.889183668	2.9834326598	25.01656734	0.010417052379
390.0	0.84248315396	0.36003513625	79.83689606600001	3.0010060073	24.998993993000003	0.010429028780999999
391.0	0.84685223795	0.36044906576	79.784626186	3.0186651922000003	24.981334808000003	0.010441018950999999
392.0	0.85124266147	0.36086347116	79.732374423	3.0364106282999996	24.963589371999998	0.010453022907
393.0	0.85565452734	0.36127835299	79.680141174	3.0542427312	24.945757269	0.010465040664000001
394.0	0.86008793893	0.36169371182	79.627926836	3.0721619186	24.927838080999997	0.010477072237
395.0	0.86454300005	0.36210954818	79.57573181	3.0901686102999997	24.90983139	0.010489117643
396.0	0.86901981506	0.36252586262	79.523556499	3.1082632277999998	24.891736771999998	0.010501176897
397.0	0.87351848878	0.36294265569	79.471401308	3.1264461950999998	24.873553805	0.010513250016
398.0	0.87803912656	0.36335992795	79.41926664399999	3.1447179378	24.855282061999997	0.010525337015
399.0	0.88258183425	0.36377767994	79.36715291899999	3.1630788837	24.836921116	0.010537437911
400.0	0.8871467182	0.36419591222	79.315060543	3.1815294628	24.818470537	0.010549552718
401.0	0.89173388527	0.36461462534	79.262989931	3.2000701069	24.799929893	0.010561681454
402.0	0.89634344285	0.36503381985	79.210941499	3.2187012501	24.78129875	0.010573824135
403.0	0.90097549883	0.3654534963	79.158915668	3.2374233286000003	24.762576670999998	0.010585980776
404.0	0.90563016162	0.36587365526	79.10691285899999	3.2562367802999996	24.74376322	0.010598151392999999
405.0	0.91030754017	0.36629429726	79.054933495	3.2751420458	24.724857954	0.010610336002
406.0	0.91500774392	0.36671542288	79.002978004	3.2941395673000002	24.705860433	0.010622534621
407.0	0.91973088286	0.36713703266	78.951046813	3.3132297894	24.686770211	0.010634747263
408.0	0.9244770675	0.36755912716	78.899140354	3.3324131588	24.667586841	0.010646973947
409.0	0.92924640889	0.36798170693	78.84725906	3.3516901243	24.648309876	0.010659214688
410.0	0.93403901859	0.36840477255	78.79540336699999	3.3710611369	24.628938863000002	0.010671469501
411.0	0.93885500873	0.36882832456	78.743573715	3.3905266497000004	24.60947335	0.010683738404000002
412.0	0.94369449195	0.36925236353	78.691770544	3.4100871180000003	24.589912881999997	0.010696021412
413.0	0.94855758144	0.36967689001	78.639994297	3.4297429994	24.570257000999998	0.010708318542
414.0	0.95344439094	0.37010190456	78.58824542	3.4494947535000002	24.550505246999997	0.01072062981
415.0	0.95835503473	0.37052740775	78.536524362	3.4693428422	24.530657158	0.010732955232
416.0	0.96328962764	0.37095340014	78.484831574	3.4892877297000005	24.51071227	0.010745294825
417.0	0.96824828505	0.37137988228	78.433167508	3.5093298823000003	24.490670118	0.010757648604
418.0	0.97323112289	0.37180685475	78.381532622	3.5294697686000003	24.470530230999998	0.010770016585999999
419.0	0.97823825767	0.37223431811	78.329927374	3.5497078593999998	24.450292141	0.010782398788
420.0	0.98326980642	0.37266227292	78.278352225	3.570044628	24.429955372	0.010794795224999999
421.0	0.98832588677	0.37309071974	78.226807638	3.5904805495	24.40951945	0.010807205915000001
422.0	0.9934066169	0.37351965915	78.17529408	3.6110161018	24.388983898000003	0.010819630873
423.0	0.99851211555	0.37394909171	78.12381202	3.6316517648000004	24.368348235	0.010832070115
424.0	1.003642502	0.37437901798	78.07236193	3.6523880206	24.347611979	0.010844523659
425.0	1.0087978962	0.37480943853	78.020944283	3.673225354	24.326774646	0.010856991521
426.0	1.0139784187	0.37524035393	77.96955955600001	3.6941642518	24.305835748000003	0.010869473717
427.0	1.0191841903	0.37567176476	77.918208229	3.7152052033	24.284794796999996	0.010881970264
428.0	1.0244153328	0.37610367157	77.86689078399999	3.7363487	24.2636513	0.010894481178
429.0	1.0296719684	0.37653607494	77.81560770600001	3.7575952358999998	24.242404764	0.010907006476
430.0	1.0349542199	0.37696897545	77.764359483	3.7789453073000003	24.221054693000003	0.010919546173
431.0	1.0402622106	0.37740237365	77.713146604	3.800399413	24.199600587	0.010932100287999999
432.0	1.0455960646	0.37783627013	77.661969562	3.8219580541000004	24.178041946	0.010944668836000001
433.0	1.0509559064	0.37827066546	77.61082885399999	3.8436217339999996	24.156378266	0.010957251834
434.0	1.0563418611	0.37870556021	77.559724977	3.8653909587	24.134609040999997	0.010969849298
435.0	1.0617540547	0.37914095495	77.508658434	3.8872662366000004	24.112733763	0.010982461246
436.0	1.0671926133	0.37957685027	77.457629727	3.9092480783999997	24.090751922	0.010995087694
437.0	1.0726576642	0.38001324673	77.406639364	3.9313369975	24.068663003	0.011007728658
438.0	1.0781493347	0.38045014491	77.355687854	3.9535335094999997	24.04646649	0.011020384154999998
439.0	1.0836677531	0.38088754539	77.30477571	3.9758381327	24.024161866999997	0.011033054202
440.0	1.0892130484	0.38132544874	77.253903447	3.9982513876	24.001748611999997	0.011045738816
441.0	1.0947853498	0.38176385555	77.20307158199999	4.0207737976999995	23.979226202	0.011058438012999999
442.0	1.1003847874	0.38220276639	77.15228063800001	4.0434058884	23.956594111999998	0.011071151811
443.0	1.1060114921	0.38264218184	77.101531138	4.0661481881	23.933851811999997	0.011083880225
444.0	1.111665595	0.38308210249	77.050823608	4.0890012275	23.910998773000003	0.011096623273
445.0	1.1173472281	0.38352252891	77.000158578	4.1119655399	23.88803446	0.011109380972
446.0	1.123056524	0.38396346168	76.949536581	4.1350416612	23.864958339	0.011122153337999999
447.0	1.1287936159	0.38440490139	76.89895815199999	4.1582301299	23.84176987	0.011134940389
448.0	1.1345586377	0.38484684862	76.84842383	4.1815314869	23.818468513000003	0.011147742140000002
449.0	1.1403517239	0.38528930396	76.79793415600001	4.204946275899999	23.795053724000002	0.011160558610000001
450.0	1.1461730096	0.38573226798	76.747489674	4.2284750432	23.771524956999997	0.011173389815
451.0	1.1520226306	0.38617574127	76.697090932	4.2521183377	23.747881661999998	0.011186235771000001
452.0	1.1579007234	0.38661972442	76.64673848	4.2758767106999995	23.724123289	0.011199096496999999
453.0	1.1638074251	0.38706421802	76.596432871	4.2997507165	23.700249283	0.011211972008
454.0	1.1697428733	0.38750922264	76.546174663	4.3237409119	23.676259088000002	0.011224862322
455.0	1.1757072067	0.38795473889	76.495964414	4.3478478564	23.652152144000002	0.011237767457000001
456.0	1.1817005641	0.38840076734	76.44580268600001	4.3720721121	23.627927888000002	0.011250687427999999
457.0	1.1877230855	0.38884730858	76.395690047	4.3964142439	23.603585755999998	0.011263622253
458.0	1.1937749112	0.38929436321	76.345627063	4.4208748194	23.579125181	0.011276571949
459.0	1.1998561823	0.38974193182	76.295614308	4.4454544089	23.554545591	0.011289536533
460.0	1.2059670406	0.39019001499	76.24565235600001	4.4701535855	23.529846414	0.011302516023
461.0	1.2121076286	0.39063861332	76.195741785	4.494972925	23.505027075	0.011315510434999999
462.0	1.2182780894	0.3910877274	76.145883176	4.5199130058999994	23.480086994	0.011328519786
463.0	1.2244785669	0.39153735782	76.096077114	4.5449744096	23.45502559	0.011341544095000001
464.0	1.2307092055	0.39198750518	76.046324187	4.5701577202	23.42984228	0.011354583377
465.0	1.2369701505	0.39243817007	75.996624985	4.5954635245999995	23.404536475	0.011367637649999998
466.0	1.2432615477	0.39288935308	75.946980103	4.6208924127	23.379107586999996	0.011380706932
467.0	1.2495835439	0.39334105482	75.897390137	4.6464449771	23.353555023000002	0.011393791239
468.0	1.2559362864	0.39379327587	75.847855689	4.672121813	23.327878187	0.011406890590000001
469.0	1.262319923	0.39424601684	75.798377362	4.697923519	23.302076481	0.011420005
470.0	1.2687346027	0.39469927832	75.748955762	4.7238506961	23.276149304	0.011433134487999999
471.0	1.2751804748	0.39515306092	75.699591502	4.7499039483	23.250096051999996	0.011446279071
472.0	1.2816576895	0.39560736522	75.65028519399999	4.7760838828	23.223916116999998	0.011459438766999999
473.0	1.2881663978	0.39606219183	75.601037455	4.8023911093	23.197608890999998	0.011472613591
474.0	1.2947067511	0.39651754136	75.551848906	4.8288262406	23.171173759000002	0.011485803563000002
475.0	1.3012789019	0.39697341439	75.50272017	4.8553898925	23.144610107	0.011499008699
476.0	1.3078830033	0.39742981154	75.45365187600001	4.8820826837	23.117917316	0.011512229017000001
477.0	1.314519209	0.39788673341	75.404644652	4.9089052359	23.091094764	0.011525464535
478.0	1.3211876735	0.39834418059	75.35569913399999	4.9358581738	23.064141826	0.011538715268999999
479.0	1.3278885523	0.3988021537	75.30681595899999	4.9629421249000005	23.037057875	0.011551981237
480.0	1.3346220013	0.39926065334	75.257995767	4.99015772	23.00984228	0.011565262457
481.0	1.3413881773	0.3997196801	75.209239203	5.0175055928	22.982494406999997	0.011578558947
482.0	1.3481872379	0.40017923461	75.160546915	5.0449863801	22.95501362	0.011591870723
483.0	1.3550193413	0.40063931747	75.111919553	5.0726007215	22.927399278000003	0.011605197804
484.0	1.3618846466	0.40109992928	75.063357774	5.1003492601	22.89965074	0.011618540207
485.0	1.3687833136	0.40156107065	75.014862235	5.1282326418	22.871767358000003	0.011631897949
486.0	1.3757155029	0.40202274219	74.96643359800001	5.1562515156	22.843748484000002	0.011645271048999999
487.0	1.3826813759	0.40248494451	74.918072529	5.1844065338	22.815593466	0.011658659523
488.0	1.3896810947	0.40294767822	74.869779697	5.2126983516	22.787301648000003	0.011672063391
489.0	1.3967148222	0.40341094393	74.82155577399999	5.2411276275	22.758872372	0.011685482668000001
490.0	1.4037827221	0.40387474226	74.773401437	5.2696950232	22.730304977	0.011698917373999999
491.0	1.4108849589	0.40433907381	74.725317366	5.2984012035	22.701598797	0.011712367525
492.0	1.4180216978	0.40480393919	74.677304244	5.3272468362	22.672753164	0.011725833140000001
493.0	1.425193105	0.40526933904	74.629362759	5.3562325928	22.643767407	0.011739314236999998
494.0	1.4323993472	0.40573527394	74.581493602	5.3853591475	22.614640853	0.011752810831999999
495.0	1.4396405921	0.40620174453	74.533697468	5.414627178	22.585372821999997	0.011766322944
496.0	1.4469170083	0.40666875142	74.485975054	5.4440373654	22.555962635	0.011779850591
497.0	1.454228765	0.40713629522	74.43832706399999	5.4735903936	22.526409605999998	0.011793393791
498.0	1.4615760322	0.40760437655	74.390754203	5.5032869503	22.49671305	0.011806952561
499.0	1.4689589809	0.40807299603	74.343257181	5.5331277263	22.466872274	0.011820526920000001
500.0	1.4763777828	0.40854215428	74.295836711	5.563113415499999	22.436886585	0.011834116884999999
501.0	1.4838326105	0.40901185191	74.248493511	5.5932447154	22.406755285	0.011847722474
502.0	1.4913236373	0.40948208956	74.20122830300001	5.623522326900001	22.376477673000004	0.011861343706
503.0	1.4988510374	0.40995286783	74.154041811	5.653946953999999	22.346053045999998	0.011874980597000002
504.0	1.506414986	0.41042418735	74.106934764	5.684519304299999	22.315480695999998	0.011888633167000002
505.0	1.5140156588	0.41089604875	74.059907895	5.7152400886	22.284759911	0.011902301433000001
506.0	1.5216532327	0.41136845264	74.012961942	5.7461100214	22.253889979	0.011915985414
507.0	1.5293278852	0.41184139965	73.966097644	5.7771298204	22.22287018	0.011929685127000001
508.0	1.5370397947	0.4123148904	73.919315747	5.808300206799999	22.191699793	0.011943400590000002
509.0	1.5447891406	0.41278892552	73.872616999	5.8396219053	22.160378095	0.011957131821999999
510.0	1.5525761029	0.41326350564	73.826002153	5.8710956439999995	22.128904356	0.011970878840000001
511.0	1.5604008628	0.41373863137	73.779471966	5.9027221546	22.097277845	0.011984641663
512.0	1.568263602	0.41421430336	73.733027198	5.9345021722	22.065497828	0.011998420309999999
513.0	1.5761645034	0.41469052222	73.686668614	5.9664364355999995	22.033563564	0.012012214797000001
514.0	1.5841037506	0.41516728858	73.64039698399999	5.998525686900001	22.001474313000003	0.012026025144
515.0	1.5920815282	0.41564460308	73.59421308	6.0307706721	21.969229328	0.012039851369
516.0	1.6000980214	0.41612246635	73.548117679	6.0631721405	21.93682786	0.012053693489000001
517.0	1.6081534167	0.41660087901	73.502111563	6.095730845	21.904269155	0.012067551524
518.0	1.6162479012	0.4170798417	73.45619551600001	6.1284475423	21.871552458000004	0.012081425491
519.0	1.624381663	0.41755935504	73.410370329	6.1613229926	21.838677006999998	0.012095315409
520.0	1.6325548911	0.41803941968	73.364636796	6.1943579597000005	21.80564204	0.012109221296
521.0	1.6407677754	0.41852003625	73.318995714	6.2275532114	21.772446789	0.012123143171000002
522.0	1.6490205067	0.41900120538	73.273447886	6.2609095187	21.739090480999998	0.012137081051
523.0	1.6573132768	0.4194829277	73.227994117	6.2944276566	21.705572343000004	0.012151034956
524.0	1.6656462782	0.41996520386	73.18263522	6.3281084039	21.671891596	0.012165004903
525.0	1.6740197047	0.42044803448	73.13737200899999	6.3619525428	21.638047457	0.012178990911999999
526.0	1.6824337506	0.42093142021	73.092205303	6.395960859600001	21.60403914	0.012192993000000001
527.0	1.6908886114	0.42141536169	73.047135927	6.430134144199999	21.569865856	0.012207011185999999
528.0	1.6993844835	0.42189985955	73.002164708	6.4644731903	21.53552681	0.012221045489
529.0	1.7079215642	0.42238491443	72.957292479	6.498978795499999	21.501021205	0.012235095926999999
530.0	1.7165000519	0.42287052698	72.912520077	6.5336517611	21.466348239000002	0.012249162518
531.0	1.7251201456	0.42335669783	72.867848344	6.5684928923	21.431507107999998	0.012263245282
532.0	1.7337820456	0.42384342763	72.823278124	6.603502998300001	21.396497002	0.012277344236999999
533.0	1.742485953	0.42433071702	72.77881026899999	6.638682892	21.361317107999998	0.012291459401
534.0	1.7512320699	0.42481856664	72.734445633	6.6740333902	21.32596661	0.012305590793
535.0	1.7600205994	0.42530697713	72.690185076	6.7095553139	21.290444686	0.012319738432
536.0	1.7688517456	0.42579594915	72.646029461	6.7452494876	21.254750512	0.012333902337
537.0	1.7777257134	0.42628548334	72.601979658	6.7811167401	21.21888326	0.012348082525
538.0	1.7866427089	0.42677558034	72.558036538	6.817157904199999	21.182842095999998	0.012362279017
539.0	1.7956029392	0.4272662408	72.51420098	6.8533738162999995	21.146626184000002	0.01237649183
540.0	1.804606612	0.42775746537	72.470473865	6.8897653173	21.110234682999998	0.012390720983
541.0	1.8136539366	0.42824925469	72.426856082	6.926333251900001	21.073666748	0.012404966496
542.0	1.8227451229	0.42874160942	72.383348521	6.9630784689	21.036921530999997	0.012419228385999998
543.0	1.8318803818	0.42923453021	72.339952078	7.000001821000001	20.999998179000002	0.012433506673000002
544.0	1.8410599255	0.42972801771	72.296667656	7.0371041654	20.962895835	0.012447801376
545.0	1.8502839669	0.43022207256	72.253496158	7.0743863629999995	20.925613637	0.012462112513
546.0	1.8595527201	0.43071669542	72.210438497	7.111849278999999	20.888150721	0.012476440104
547.0	1.8688664002	0.43121188695	72.167495587	7.1494937828	20.850506217	0.012490784167
548.0	1.8782252233	0.4317076478	72.12466834899999	7.187320747999999	20.812679252	0.012505144721999999
549.0	1.8876294066	0.43220397862	72.081957707	7.2253310522000005	20.774668948	0.012519521786
550.0	1.8970791683	0.43270088006	72.039364592	7.2635255775	20.736474422	0.01253391538
551.0	1.9065747276	0.43319835279	71.996889938	7.30190521	20.69809479	0.012548325522
552.0	1.9161163049	0.43369639746	71.954534684	7.34047084	20.65952916	0.012562752231
553.0	1.9257041216	0.43419501473	71.912299776	7.3792233633	20.620776637	0.012577195526
554.0	1.9353384004	0.43469420525	71.870186163	7.418163679199999	20.581836321	0.012591655427000002
555.0	1.9450193647	0.43519396969	71.828194799	7.4572926908	20.542707309	0.012606131952
556.0	1.9547472391	0.43569430871	71.786326645	7.496611306	20.503388694	0.012620625121
557.0	1.9645222491	0.43619522296	71.74458266399999	7.536120436699999	20.463879563	0.012635134953000001
558.0	1.9743446217	0.43669671311	71.702963826	7.575820999299999	20.424179001	0.012649661466
559.0	1.9842145844	0.43719877981	71.66147110600001	7.615713914500001	20.384286085	0.012664204679999999
560.0	1.9941323664	0.43770142374	71.620105485	7.6558001077	20.344199892	0.012678764615
561.0	2.0040981975	0.43820464556	71.578867946	7.696080508500001	20.303919491	0.012693341289
562.0	2.0141123088	0.43870844592	71.53775948	7.736556051	20.263443949000003	0.012707934720999998
563.0	2.0241749327	0.4392128255	71.496781082	7.7772276737	20.222772325999998	0.012722544931999999
564.0	2.0342863025	0.43971778496	71.455933753	7.8180963199	20.18190368	0.012737171940000002
565.0	2.0444466525	0.44022332497	71.41521849899999	7.859162937100001	20.140837063	0.012751815763999998
566.0	2.0546562184	0.4407294462	71.37463633	7.9004284775	20.099571522	0.012766476424
567.0	2.0649152369	0.4412361493	71.33418826399999	7.941893897999999	20.058106102	0.012781153940000001
568.0	2.0752239459	0.44174343496	71.29387532	7.9835601598000006	20.01643984	0.012795848329999998
569.0	2.0855825842	0.44225130385	71.253698528	8.025428229	19.974571771	0.012810559614
570.0	2.0959913922	0.44275975662	71.21365891800001	8.0674990761	19.932500924	0.012825287812000001
571.0	2.1064506111	0.44326879396	71.173757528	8.1097736764	19.890226324	0.012840032941999998
572.0	2.1169604832	0.44377841654	71.133995402	8.1522530099	19.84774699	0.012854795024999999
573.0	2.1275212523	0.44428862502	71.094373588	8.1949380612	19.805061939	0.012869574080000001
574.0	2.1381331632	0.44479942009	71.05489314100001	8.2378298198	19.76217018	0.012884370126
575.0	2.1487964617	0.44531080241	71.015555119	8.2809292797	19.71907072	0.012899183182999999
576.0	2.1595113951	0.44582277267	70.976360588	8.324237439900001	19.67576256	0.01291401327
577.0	2.1702782116	0.44633533153	70.937310618	8.3677553041	19.632244696	0.012928860407
578.0	2.1810971608	0.44684847968	70.89840628600001	8.4114838808	19.588516119	0.012943724613999999
579.0	2.1919684934	0.44736221779	70.859648673	8.4554241833	19.544575817000002	0.012958605911000001
580.0	2.2028924613	0.44787654654	70.821038867	8.49957723	19.50042277	0.012973504316
581.0	2.2138693177	0.44839146661	70.782577961	8.5439440439	19.456055956	0.01298841985
582.0	2.2248993168	0.44890697869	70.74426705399999	8.5885256531	19.411474347000002	0.013003352531999999
583.0	2.2359827144	0.44942308344	70.706107249	8.6333230905	19.36667691	0.013018302382
584.0	2.2471197671	0.44993978155	70.668099658	8.6783373941	19.321662606	0.01303326942
585.0	2.258310733	0.45045707371	70.630245396	8.7235696067	19.276430393	0.013048253665
586.0	2.2695558714	0.45097496059	70.592545585	8.7690207764	19.230979224000002	0.013063255137000001
587.0	2.2808554427	0.45149344288	70.55500135300001	8.8146919561	19.185308044	0.013078273857
588.0	2.2922097088	0.45201252127	70.517613833	8.8605842037	19.139415795999998	0.013093309844
589.0	2.3036189327	0.45253219644	70.480384165	8.9066985824	19.093301418	0.013108363117
590.0	2.3150833786	0.45305246907	70.443313493	8.9530361604	19.04696384	0.013123433697
591.0	2.3266033121	0.45357333986	70.40640297	8.9995980109	19.000401989	0.013138521603
592.0	2.338179	0.45409480949	70.369653751	9.0463852125	18.953614787	0.013153626856
593.0	2.3498107105	0.45461687865	70.333067001	9.0933988489	18.906601151	0.013168749475
594.0	2.3614987129	0.45513954803	70.296643888	9.1406400088	18.859359990999998	0.013183889481
595.0	2.3732432779	0.45566281831	70.260385589	9.1881097863	18.811890214	0.013199046893
596.0	2.3850446775	0.4561866902	70.22429328300001	9.2358092809	18.764190719000002	0.013214221731
597.0	2.396903185	0.45671116438	70.18836816	9.283739597	18.716260403	0.013229414016
598.0	2.4088190751	0.45723624154	70.15261141100001	9.3319018447	18.668098155	0.013244623766999999
599.0	2.4207926235	0.45776192237	70.117024238	9.3802971392	18.619702861	0.013259851005
600.0	2.4328241077	0.45828820758	70.081607846	9.428926601	18.571073399	0.013275095748999998
601.0	2.4449138061	0.45881509786	70.046363447	9.477791356200001	18.522208644000003	0.013290358020000002
602.0	2.4570619987	0.45934259389	70.01129226	9.5268925362	18.473107464	0.013305637838000001
603.0	2.4692689667	0.45987069639	69.97639551	9.5762312777	18.423768722000002	0.013320935223000001
604.0	2.4815349929	0.46039940604	69.941674427	9.625808723099999	18.374191277	0.013336250195
605.0	2.493860361	0.46092872354	69.90713025	9.6756260202	18.32437398	0.013351582775
606.0	2.5062453565	0.4614586496	69.872764223	9.725684322100001	18.274315678	0.013366932982999999
607.0	2.5186902661	0.4619891849	69.838577595	9.7759847877	18.224015212	0.013382300837999999
608.0	2.5311953778	0.46252033016	69.804571623	9.8265285814	18.173471419000002	0.013397686362
609.0	2.5437609811	0.46305208607	69.770747571	9.8773168732	18.122683127000002	0.013413089575
610.0	2.5563873669	0.46358445334	69.737106708	9.9283508386	18.071649161	0.013428510496000001
611.0	2.5690748274	0.46411743267	69.703650312	9.9796316588	18.020368340999998	0.013443949147000001
612.0	2.5818236562	0.46465102475	69.670379663	10.031160521	17.968839479	0.013459405547
613.0	2.5946341485	0.46518523031	69.63729605399999	10.082938617	17.917061383	0.013474879718
614.0	2.6075066007	0.46572005004	69.604400778	10.134967146000001	17.865032854000003	0.013490371679
615.0	2.6204413107	0.46625548464	69.57169514	10.187247312	17.812752688	0.013505881451
616.0	2.6334385778	0.46679153483	69.539180449	10.239780324	17.760219676	0.013521409055000001
617.0	2.6464987029	0.46732820131	69.506858021	10.292567399	17.707432601	0.01353695451
618.0	2.659621988	0.46786548479	69.474729179	10.345609758	17.654390242	0.013552517838000001
619.0	2.672808737	0.46840338599	69.442795253	10.398908627	17.601091373	0.013568099059
620.0	2.6860592548	0.4689419056	69.41105758	10.452465241	17.547534759	0.013583698194
621.0	2.6993738482	0.46948104435	69.37951750399999	10.506280839	17.493719160999998	0.013599315261999999
622.0	2.7127528251	0.47002080294	69.34817637399999	10.560356665	17.439643335	0.013614950286
623.0	2.7261964951	0.47056118208	69.31703555	10.614693971	17.385306029000002	0.013630603285
624.0	2.7397051692	0.4711021825	69.286096394	10.669294015	17.330705985	0.01364627428
625.0	2.75327916	0.4716438049	69.255360278	10.724158057999999	17.275841942	0.013661963292
626.0	2.7669187814	0.47218604999	69.224828582	10.77928737	17.22071263	0.013677670342
627.0	2.780624349	0.47272891851	69.19450269	10.834683227000001	17.165316773	0.01369339545
628.0	2.7943961799	0.47327241115	69.164383995	10.89034691	17.10965309	0.013709138637
629.0	2.8082345925	0.47381652864	69.13447389699999	10.946279707	17.053720292999998	0.013724899923
630.0	2.8221399069	0.4743612717	69.10477380399999	11.002482911	16.997517089000002	0.013740679331
631.0	2.8361124449	0.47490664105	69.075285129	11.058957823	16.941042177	0.013756476879
632.0	2.8501525296	0.47545263741	69.046009293	11.115705748	16.884294252	0.013772292591
633.0	2.8642604857	0.47599926149	69.016947727	11.172727999000001	16.827272001	0.013788126485
634.0	2.8784366394	0.47654651402	68.988101865	11.230025895	16.769974105	0.013803978583
635.0	2.8926813187	0.47709439572	68.959473151	11.287600760999998	16.712399239	0.013819848907
636.0	2.906994853	0.47764290732	68.931063037	11.345453929000001	16.654546071	0.013835737475999999
637.0	2.9213775732	0.47819204954	68.90287298	11.403586736	16.596413264000002	0.013851644312
638.0	2.9358298119	0.4787418231	68.874904446	11.462000525999999	16.537999474	0.013867569437
639.0	2.9503519035	0.47929222873	68.847158909	11.520696651	16.479303349000002	0.013883512869999998
640.0	2.9649441836	0.47984326716	68.819637849	11.579676467999999	16.420323532	0.013899474633
641.0	2.9796069896	0.48039493912	68.792342755	11.638941339	16.361058660999998	0.013915454748
642.0	2.9943406606	0.48094724532	68.765275123	11.698492637000001	16.301507363	0.013931453234000002
643.0	3.0091455373	0.48150018651	68.73843645699999	11.758331737	16.241668263	0.013947470114
644.0	3.0240219619	0.48205376341	68.711828267	11.818460023	16.181539977	0.013963505409
645.0	3.0389702783	0.48260797676	68.68545207300001	11.878878885999999	16.121121114	0.013979559139
646.0	3.0539908322	0.48316282727	68.65930940199999	11.939589720999999	16.060410279	0.013995631326
647.0	3.0690839708	0.4837183157	68.63340178899999	12.000593933	15.999406067	0.014011721991
648.0	3.084250043	0.48427444277	68.607730775	12.061892931	15.938107069	0.014027831155
649.0	3.0994893994	0.48483120921	68.582297912	12.123488134	15.876511866	0.01404395884
650.0	3.1148023923	0.48538861576	68.55710475800001	12.185380964	15.814619036	0.014060105067
651.0	3.1301893756	0.48594666315	68.532152878	12.247572852000001	15.752427147999999	0.014076269857000001
652.0	3.145650705	0.48650535213	68.50744384800001	12.310065236	15.689934764	0.014092453231
653.0	3.1611867378	0.48706468343	68.482979249	12.37285956	15.62714044	0.014108655212
654.0	3.1767978332	0.48762465779	68.458760672	12.435957276	15.564042724	0.014124875819999999
655.0	3.1924843519	0.48818527595	68.434789715	12.499359840999999	15.500640159000001	0.014141115075999999
656.0	3.2082466565	0.48874653864	68.411067985	12.563068722	15.436931278	0.014157373002
657.0	3.2240851113	0.48930844661	68.387597097	12.627085391	15.372914609	0.014173649621
658.0	3.2400000822	0.48987100061	68.364378674	12.691411325999999	15.308588674000001	0.014189944952000001
659.0	3.2559919372	0.49043420137	68.341414347	12.756048015	15.243951985	0.014206259018000001
660.0	3.2720610457	0.49099804963	68.318705755	12.820996952	15.179003048	0.014222591840000002
661.0	3.288207779	0.49156254615	68.296254547	12.886259635999998	15.113740364000002	0.014238943439
662.0	3.3044325103	0.49212769167	68.27406238	12.951837577000001	15.048162422999999	0.014255313838
663.0	3.3207356145	0.49269348692	68.252130917	13.017732289000001	14.982267710999999	0.014271703057999999
664.0	3.3371174682	0.49325993267	68.230461832	13.083945294000001	14.916054705999999	0.014288111121
665.0	3.35357845	0.49382702966	68.209056807	13.150478124000001	14.849521875999999	0.014304538047
666.0	3.3701189402	0.49439477863	68.187917532	13.217332315	14.782667685	0.014320983859999999
667.0	3.386739321	0.49496318034	68.167045707	13.284509412	14.715490588	0.01433744858
668.0	3.4034399763	0.49553223554	68.14644303899999	13.352010966	14.647989034	0.014353932230000001
669.0	3.420221292	0.49610194497	68.126111243	13.419838537	14.580161463	0.014370434831000001
670.0	3.4370836557	0.4966723094	68.106052046	13.487993693	14.512006307	0.014386956404
671.0	3.454027457	0.49724332957	68.08626718	13.556478007	14.443521993	0.014403496973000002
672.0	3.4710530874	0.49781500623	68.066758389	13.625293062	14.374706938	0.014420056557
673.0	3.48816094	0.49838734015	68.047527424	13.694440447	14.305559553	0.014436635181
674.0	3.5053514101	0.49896033208	68.028576045	13.763921759	14.236078241	0.014453232864000002
675.0	3.5226248947	0.49953398277	68.009906021	13.833738604	14.166261396	0.014469849630000002
676.0	3.5399817929	0.50010829298	67.991519131	13.903892594	14.096107406	0.0144864855
677.0	3.5574225055	0.50068326347	67.973417162	13.974385349	14.025614651	0.014503140496000001
678.0	3.5749474354	0.501258895	67.955601911	14.045218497999999	13.954781502000001	0.014519814641
679.0	3.5925569873	0.50183518833	67.938075181	14.116393677000001	13.883606322999999	0.014536507955
680.0	3.6102515679	0.50241214422	67.92083879	14.187912529	13.812087471	0.014553220462
681.0	3.6280315859	0.50298976343	67.903894559	14.259776705999998	13.740223294000002	0.014569952182
682.0	3.6458974519	0.50356804672	67.887244323	14.331987867999999	13.668012132000001	0.014586703139
683.0	3.6638495784	0.50414699486	67.87088992300001	14.404547682	13.595452318	0.014603473355
684.0	3.6818883801	0.50472660862	67.854833211	14.477457824000002	13.522542175999998	0.014620262851
685.0	3.7000142735	0.50530688875	67.839076049	14.550719977	13.449280023	0.01463707165
686.0	3.7182276771	0.50588783603	67.82362030600001	14.624335834000002	13.375664165999998	0.014653899774
687.0	3.7365290115	0.50646945121	67.808467863	14.698307094	13.301692906	0.014670747245
688.0	3.7549186993	0.50705173508	67.79362061	14.772635465999999	13.227364534000001	0.014687614084999998
689.0	3.7733971652	0.50763468839	67.779080445	14.847322665	13.152677335	0.014704500317
690.0	3.7919648357	0.50821831191	67.764849276	14.922370416	13.077629584	0.014721405963
691.0	3.8106221396	0.50880260643	67.750929024	14.997780450999999	13.002219549000001	0.014738331046
692.0	3.8293695076	0.5093875727	67.737321614	15.073554512000001	12.926445487999999	0.014755275586
693.0	3.8482073725	0.50997321151	67.72402898600001	15.149694349	12.850305651	0.014772239608
694.0	3.8671361693	0.51055952362	67.711053086	15.226201717999999	12.773798282000001	0.014789223134000001
695.0	3.8861563349	0.5111465098	67.698395873	15.303078387000001	12.696921612999999	0.014806226185
696.0	3.9052683085	0.51173417084	67.686059313	15.380326129	12.619673871	0.014823248784000001
697.0	3.9244725312	0.51232250751	67.674045384	15.457946729000001	12.542053270999999	0.014840290955
698.0	3.9437694464	0.51291152059	67.662356073	15.535941978	12.464058022	0.014857352718
699.0	3.9631594994	0.51350121085	67.650993378	15.614313675999998	12.385686324000002	0.014874434096999999
700.0	3.9826431379	0.51409157907	67.63995930600001	15.693063632000001	12.306936367999999	0.014891535115
701.0	4.0022208116	0.51468262603	67.629255874	15.772193665	12.227806335	0.014908655793
702.0	4.0218929724	0.51527435252	67.61888511	15.851705600999999	12.148294399000001	0.014925796155
703.0	4.0416600743	0.51586675931	67.608849052	15.931601274	12.068398726	0.014942956222999999
704.0	4.0615225737	0.51645984718	67.59914974899999	16.01188253	11.98811747	0.014960136019999999
705.0	4.0814809288	0.51705361692	67.589789258	16.09255122	11.90744878	0.014977335567999999
706.0	4.1015356004	0.51764806932	67.58076965	16.173609208	11.826390792	0.014994554891
707.0	4.1216870513	0.51824320515	67.572093003	16.255058362	11.744941638	0.015011794009999998
708.0	4.1419357465	0.5188390252	67.563761407	16.336900564	11.663099436	0.015029052949000001
709.0	4.1622821534	0.51943553027	67.555776963	16.419137701	11.580862299000001	0.015046331731
710.0	4.1827267414	0.52003272113	67.548141782	16.501771672	11.498228328	0.015063630378
711.0	4.2032699825	0.52063059857	67.540857986	16.584804384	11.415195615999998	0.015080948913
712.0	4.2239123505	0.5212291634	67.533927706	16.668237753	11.331762247	0.015098287359
713.0	4.2446543219	0.52182841638	67.527353087	16.752073703	11.247926297000001	0.015115645737999998
714.0	4.2654963753	0.52242835833	67.521136281	16.83631417	11.16368583	0.015133024075
715.0	4.2864389916	0.52302899002	67.515279455	16.920961097	11.079038902999999	0.015150422390999998
716.0	4.307482654	0.52363031225	67.509784782	17.006016437	10.993983562999999	0.01516784071
717.0	4.3286278481	0.52423232582	67.50465445100001	17.091482153	10.908517847	0.015185279055
718.0	4.3498750618	0.52483503152	67.499890659	17.177360217	10.822639783	0.015202737449000001
719.0	4.3712247852	0.52543843014	67.49549561399999	17.26365261	10.73634739	0.015220215914000001
720.0	4.3926775109	0.52604252249	67.491471537	17.350361322999998	10.649638677	0.015237714474
721.0	4.4142337339	0.52664730935	67.487820657	17.437488357	10.562511642999999	0.015255233152000001
722.0	4.4358939515	0.52725279154	67.484545219	17.525035721	10.474964279	0.015272771971
723.0	4.4576586634	0.52785896984	67.481647474	17.613005435999998	10.386994564	0.015290330955
724.0	4.4795283716	0.52846584506	67.479129688	17.70139953	10.29860047	0.015307910125
725.0	4.5015035808	0.52907341801	67.476994138	17.790220042999998	10.209779957	0.015325509506999999
726.0	4.5235847977	0.52968168947	67.47524311	17.879469024000002	10.120530976	0.015343129122
727.0	4.5457725319	0.53029066026	67.473878904	17.969148531	10.030851469	0.015360768995000001
728.0	4.568067295	0.53090033117	67.47290383100001	18.059260634	9.9407393663	0.015378429147000001
729.0	4.5904696014	0.53151070302	67.472320213	18.14980741	9.85019259	0.015396109604
730.0	4.6129799678	0.53212177661	67.472130384	18.240790949	9.7592090513	0.015413810388
731.0	4.6355989134	0.53273355275	67.472336689	18.332213348	9.6677866517	0.015431531521999999
732.0	4.6583269599	0.53334603224	67.472941487	18.424076718	9.5759232824	0.01544927303
733.0	4.6811646316	0.5339592159	67.473947147	18.516383175	9.4836168248	0.015467034935
734.0	4.7041124551	0.53457310452	67.47535605	18.60913485	9.3908651498	0.015484817261
735.0	4.7271709597	0.53518769893	67.477170588	18.702333882	9.2976661184	0.015502620031000001
736.0	4.7503406772	0.53580299993	67.479393168	18.795982419	9.2040175809	0.015520443269
737.0	4.773622142	0.53641900834	67.482026207	18.890082622	9.1099173778	0.015538286998
738.0	4.7970158909	0.53703572497	67.48507213399999	18.984636661	9.0153633387	0.015556151241999999
739.0	4.8205224635	0.53765315064	67.48853339	19.079646717	8.9203532833	0.015574036024
740.0	4.8441424019	0.53827128615	67.492412429	19.17511498	8.8248850204	0.015591941368
741.0	4.8678762507	0.53889013233	67.49671171899999	19.271043651	8.7289563486	0.015609867298000001
742.0	4.8917245572	0.53950968999	67.50143373600001	19.367434944	8.6325650558	0.015627813836999998
743.0	4.9156878714	0.54012995995	67.506580973	19.464291081	8.5357089191	0.015645781010000002
744.0	4.9397667458	0.54075094303	67.512155932	19.561614295	8.4383857053	0.015663768839
745.0	4.9639617356	0.54137264005	67.51816112899999	19.65940683	8.3405931702	0.015681777348
746.0	4.9882733988	0.54199505183	67.524599094	19.757670941	8.2423290589	0.015699806561
747.0	5.0127022959	0.54261817919	67.53147236699999	19.856408894	8.1435911058	0.015717856503
748.0	5.0372489901	0.54324202296	67.538783502	19.955622966	8.0443770342	0.015735927197
749.0	5.0619140474	0.54386658395	67.546535066	20.055315442999998	7.9446845566999995	0.015754018666
750.0	5.0866980365	0.544491863	67.554729639	20.155488625	7.844511374700001	0.015772130935
751.0	5.1116015287	0.54511786092	67.56336981300001	20.256144821	7.7438551787	0.015790264027
752.0	5.1366250983	0.54574457856	67.57245819399999	20.357286352	7.642713648099999	0.015808417967
753.0	5.1617693221	0.54637201672	67.5819974	20.458915549	7.5410844512	0.015826592778
754.0	5.1870347798	0.54700017624	67.591990063	20.561034755	7.4389652449	0.015844788485
755.0	5.2124220539	0.54762905795	67.602438828	20.663646325	7.3363536752	0.015863005111
756.0	5.2379317295	0.54825866269	67.613346353	20.766752623	7.2332473765	0.015881242681
757.0	5.2635643948	0.54888899127	67.624715308	20.870356028	7.129643972	0.015899501218
758.0	5.2893206406	0.54952004454	67.63654838	20.974458927	7.0255410734	0.015917780747
759.0	5.3152010608	0.55015182333	67.648848266	21.079063719	6.9209362809	0.015936081292000002
760.0	5.3412062517	0.55078432846	67.661617678	21.184172817	6.815827183500001	0.015954402875999998
761.0	5.3673368129	0.55141756079	67.67485934	21.289788642	6.7102113581	0.015972745525
762.0	5.3935933466	0.55205152113	67.688575992	21.39591363	6.604086370499999	0.015991109263
763.0	5.4199764582	0.55268621034	67.702770386	21.502550226	6.497449774400001	0.016009494113
764.0	5.4464867556	0.55332162924	67.717445289	21.609700888000003	6.390299112	0.0160279001
765.0	5.4731248499	0.55395777867	67.73260348	21.717368086	6.2826319136	0.016046327247999998
766.0	5.4998913551	0.55459465949	67.74824775399999	21.825554301999997	6.1744456976999995	0.016064775582
767.0	5.526786888	0.55523227252	67.764380918	21.934262029	6.065737970800001	0.016083245125
768.0	5.5538120686	0.5558706186	67.781005794	22.043493771999998	5.9565062276	0.016101735903
769.0	5.5809675196	0.55650969859	67.798125219	22.153252049000002	5.846747950499999	0.01612024794
770.0	5.6082538669	0.55714951333	67.81574204100001	22.26353939	5.7364606102	0.016138781259
771.0	5.6356717394	0.55779006365	67.833859127	22.374358335	5.6256416649	0.016157335887
772.0	5.6632217689	0.55843135041	67.852479355	22.485711439	5.514288560700001	0.016175911846
773.0	5.6909045903	0.55907337446	67.871605617	22.597601268000002	5.4023987316	0.016194509162
774.0	5.7187208415	0.55971613663	67.89124082100001	22.710030400999997	5.2899695991	0.016213127859
775.0	5.7466711635	0.56035963778	67.911387889	22.823001428	5.1769985723000005	0.016231767961999998
776.0	5.7747562004	0.56100387876	67.932049758	22.936516951999998	5.0634830481	0.016250429496
777.0	5.8029765993	0.56164886042	67.953229378	23.050579589	4.9494204107	0.016269112484
778.0	5.8313330106	0.5622945836	67.974929717	23.165191968000002	4.8348080318	0.016287816952
779.0	5.8598260876	0.56294104917	67.997153754	23.28035673	4.7196432705	0.016306542924
780.0	5.8884564868	0.56358825798	68.019904485	23.396076526999998	4.6039234731	0.016325290426000002
781.0	5.917224868	0.56423621088	68.043184921	23.512354026999997	4.4876459733	0.016344059480999998
782.0	5.946131894	0.56488490872	68.066998087	23.629191908000003	4.370808092	0.016362850115
783.0	5.9751782308	0.56553435237	68.091347024	23.746592863000004	4.2534071373	0.016381662353
784.0	6.0043645476	0.56618454268	68.116234787	23.864559596	4.135440404100001	0.016400496219
785.0	6.0336915169	0.5668354805	68.141664448	23.983094825	4.0169051746	0.016419351738
786.0	6.0631598143	0.5674871667	68.167639092	24.102201282	3.8977987179	0.016438228935
787.0	6.0927701188	0.56813960215	68.19416182100001	24.22188171	3.7781182898	0.016457127834
788.0	6.1225231126	0.56879278769	68.221235753	24.342138867	3.6578611332	0.016476048462
789.0	6.152419481	0.56944672419	68.24886402	24.462975521999997	3.5370244775999997	0.016494990843
790.0	6.1824599128	0.57010141252	68.27704977	24.584394461	3.4156055393	0.016513955001999998
791.0	6.2126451	0.57075685354	68.305796167	24.706398479	3.2936015210000003	0.016532940963000002
792.0	6.2429757381	0.57141304811	68.33510639	24.828990388	3.1710096123000002	0.016551948753
793.0	6.2734525256	0.57206999711	68.364983636	24.952173011	3.0478269892000003	0.016570978395
794.0	6.3040761647	0.5727277014	68.395431115	25.075949186	2.9240508139999997	0.016590029916
795.0	6.3348473608	0.57338616184	68.426452054	25.200321765	2.7996782354	0.01660910334
796.0	6.3657668227	0.57404537931	68.45804969699999	25.325293611	2.6747063887	0.016628198692999998
797.0	6.3968352626	0.57470535467	68.490227303	25.450867605	2.5491323952	0.016647316000000002
798.0	6.4280533962	0.57536608881	68.522988149	25.577046638000002	2.4229533623	0.016666455286
799.0	6.4594219424	0.57602758258	68.556335525	25.703833616	2.2961663837	0.016685616575
800.0	6.4909416239	0.57668983687	68.590272741	25.831231460999998	2.1687685392	0.016704799895
801.0	6.5226131666	0.57735285255	68.624803121	25.959243106	2.0407568944	0.016724005269
802.0	6.5544372999	0.57801663049	68.65993000600001	26.087871499000002	1.9121285008000002	0.016743232724
803.0	6.5864147569	0.57868117157	68.695656754	26.217119604	1.782880396	0.016762482284
804.0	6.618546274	0.57934647667	68.731986741	26.346990397	1.653009603	0.016781753976
805.0	6.6508325913	0.58001254667	68.768923356	26.477486869	1.522513131	0.016801047824
806.0	6.6832744524	0.58067938244	68.806470009	26.608612026	1.3913879744	0.016820363853
807.0	6.7158726043	0.58134698487	68.84463012399999	26.740368887	1.2596311133	0.016839702091
808.0	6.7486277978	0.58201535483	68.883407144	26.872760486	1.1272395135	0.016859062561
809.0	6.7815407873	0.58268449321	68.922804528	27.005789874	0.9942101259999999	0.016878445290000002
810.0	6.8146123307	0.5833544009	68.962825752	27.139460113000002	0.86053988725	0.016897850303
811.0	6.8478431897	0.58402507877	69.00347431	27.273774280999998	0.7262257190000001	0.016917277626
812.0	6.8812341293	0.58469652772	69.044753712	27.408735471999996	0.59126452822	0.016936727284
813.0	6.9147859187	0.58536874862	69.086667488	27.544346793000003	0.45565320703	0.016956199304
814.0	6.9484993304	0.58604174238	69.129219183	27.680611366999997	0.31938863263	0.01697569371
815.0	6.9823751407	0.58671550987	69.172412361	27.817532333000003	0.18246766724	0.016995210529
816.0	7.0164141297	0.58739005198	69.216250603	27.955112842	0.04488715801300001	0.017014749786
817.0	7.0275197251	0.58806536961	69.260737508	28.481685113	0.0	0.034049061293999996
818.0	7.0275197251	0.58874146365	69.305345453	29.412831475999997	0.0	0.017053895719
819.0	7.0275197251	0.58941833498	69.349818855	30.34397784	0.0	0.017073502446
820.0	7.0275197251	0.59009598451	69.39415756	31.275124204	0.0	0.017093131714000002
821.0	7.0275197251	0.59077441313	69.438361413	32.206270567	0.0	0.017112783551000002
822.0	7.0275197251	0.59145362173	69.48243025800001	33.137416931	0.0	0.017132457981
823.0	7.0275197251	0.59213361121	69.526363941	34.068563294	0.0	0.01715215503
824.0	7.0275197251	0.59281438248	69.570162306	34.999709658	0.0	0.017171874724999998
825.0	7.0275197251	0.59349593641	69.613825198	35.930856022	0.0	0.017191617092
826.0	7.0275197251	0.59417827393	69.65735246	36.862002385	0.0	0.017211382156
827.0	7.0275197251	0.59486139592	69.700743938	37.793148749000004	0.0	0.017231169944
828.0	7.0275197251	0.5955453033	69.743999473	38.724295112	0.0	0.017250980482
829.0	7.0275197251	0.59622999695	69.787118912	39.655441476	0.0	0.017270813796
830.0	7.0275197251	0.5969154778	69.830102096	40.586587839	0.0	0.017290669912
831.0	7.0275197251	0.59760174673	69.87294887	41.517734203	0.0	0.017310548856
832.0	7.0275197251	0.59828880466	69.915659076	42.448880566999996	0.0	0.017330450655
833.0	7.0275197251	0.5989766525	69.958232557	43.38002693	0.0	0.017350375334999998
834.0	7.0275197251	0.59966529115	70.000669157	44.311173294	0.0	0.017370322923
835.0	7.0275197251	0.60035472153	70.042968718	45.242319656999996	0.0	0.017390293443
836.0	7.0275197251	0.60104494453	70.085131082	46.173466021	0.0	0.017410286924000002
837.0	7.0275197251	0.60173596108	70.12715609199999	47.104612384	0.0	0.017430303391
838.0	7.0275197251	0.60242777209	70.169043589	48.035758748	0.0	0.017450342871000002
839.0	7.0275197251	0.60312037846	70.210793416	48.966905112	0.0	0.017470405391
840.0	7.0275197251	0.60381378112	70.252405414	49.898051475	0.0	0.017490490975
841.0	7.0275197251	0.60450798098	70.293879426	50.829197838999995	0.0	0.017510599653
842.0	7.0275197251	0.60520297896	70.335215291	51.760344202	0.0	0.017530731448
843.0	7.0275197251	0.60589877596	70.376412852	52.691490566000006	0.0	0.01755088639
844.0	7.0275197251	0.60659537292	70.417471949	53.62263693	0.0	0.017571064503
845.0	7.0275197251	0.60729277076	70.458392424	54.553783293	0.0	0.017591265815
846.0	7.0275197251	0.60799097038	70.499174116	55.484929656999995	0.0	0.017611490352
847.0	7.0275197251	0.60868997272	70.539816867	56.41607602	0.0	0.017631738141
848.0	7.0275197251	0.6093897787	70.580320516	57.347222384	0.0	0.017652009209
849.0	7.0275197251	0.61009038924	70.620684903	58.278368746999995	0.0	0.017672303582
850.0	7.0275197251	0.61079180526	70.66090987	59.209515111	0.0	0.017692621288
851.0	7.0275197251	0.6114940277	70.70099525399999	60.140661475	0.0	0.017712962353
852.0	7.0275197251	0.61219705748	70.740940896	61.071807838000005	0.0	0.017733326803
853.0	7.0275197251	0.61290089552	70.780746635	62.002954202	0.0	0.017753714667
854.0	7.0275197251	0.61360554276	70.820412311	62.934100565	0.0	0.01777412597
855.0	7.0275197251	0.61431100013	70.859937762	63.865246928999994	0.0	0.01779456074
856.0	7.0275197251	0.61501726856	70.899322826	64.796393292	0.0	0.017815019004
857.0	7.0275197251	0.61572434898	70.938567343	65.727539656	0.0	0.017835500788
858.0	7.0275197251	0.61643224232	70.977671152	66.65868602	0.0	0.01785600612
859.0	7.0275197251	0.61714094952	71.016634089	67.589832383	0.0	0.017876535027000002
860.0	7.0275197251	0.61785047152	71.055455994	68.520978747	0.0	0.017897087536
861.0	7.0275197251	0.61856080925	71.094136704	69.45212511	0.0	0.017917663674000002
862.0	7.0275197251	0.61927196365	71.13267605600001	70.383271474	0.0	0.017938263468
863.0	7.0275197251	0.61998393566	71.171073889	71.314417838	0.0	0.017958886946
864.0	7.0275197251	0.62069672621	71.20933004	72.24556420100001	0.0	0.017979534134
865.0	7.0275197251	0.62141033626	71.247444345	73.176710565	0.0	0.01800020506
866.0	7.0275197251	0.62212476673	71.285416642	74.107856928	0.0	0.018020899750999998
867.0	7.0275197251	0.62284001859	71.323246767	75.039003292	0.0	0.018041618235
868.0	7.0275197251	0.62355609276	71.360934557	75.970149655	0.0	0.018062360539
869.0	7.0275197251	0.62427299019	71.39847984800001	76.901296019	0.0	0.01808312669
870.0	7.0275197251	0.62499071184	71.43588247699999	77.832442383	0.0	0.018103916716
871.0	7.0275197251	0.62570925865	71.473142279	78.76358874600001	0.0	0.018124730643
872.0	7.0275197251	0.62642863156	71.51025909	79.69473511	0.0	0.018145568501
873.0	7.0275197251	0.62714883153	71.547232746	80.625881473	0.0	0.018166430315
874.0	7.0275197251	0.62786985951	71.584063082	81.55702783699999	0.0	0.018187316114
875.0	7.0275197251	0.62859171645	71.620749934	82.488174201	0.0	0.018208225926
876.0	7.0275197251	0.6293144033	71.657293136	83.419320564	0.0	0.018229159777
877.0	7.0275197251	0.63003792102	71.693692523	84.350466928	0.0	0.018250117696
878.0	7.0275197251	0.63076227056	71.729947931	85.281613291	0.0	0.01827109971
879.0	7.0275197251	0.63148745288	71.766059192	86.212759655	0.0	0.018292105846
880.0	7.0275197251	0.63221346894	71.802026143	87.143906018	0.0	0.018313136134
881.0	7.0275197251	0.63294031969	71.837848616	88.07505238200001	0.0	0.018334190599
882.0	7.0275197251	0.6336680061	71.873526446	89.00619874600001	0.0	0.018355269271
883.0	7.0275197251	0.63439652912	71.90905946699999	89.93734510899999	0.0	0.018376372177
884.0	7.0275197251	0.63512588972	71.944447511	90.86849147299999	0.0	0.018397499345
885.0	7.0275197251	0.63585608886	71.979690413	91.799637836	0.0	0.018418650802
886.0	7.0275197251	0.6365871275	72.014788005	92.7307842	0.0	0.018439826577
887.0	7.0275197251	0.63731900661	72.04974012	93.661930563	0.0	0.018461026698
888.0	7.0275197251	0.63805172716	72.084546592	94.59307692700001	0.0	0.018482251192
889.0	7.0275197251	0.63878529011	72.119207252	95.524223291	0.0	0.018503500088
890.0	7.0275197251	0.63951969644	72.153721932	96.455369654	0.0	0.018524773413
891.0	7.0275197251	0.6402549471	72.188090467	97.386516018	0.0	0.018546071197
892.0	7.0275197251	0.64099104307	72.22231268600001	98.317662381	0.0	0.018567393466
893.0	7.0275197251	0.64172798533	72.256388422	99.248808745	0.0	0.018588740249
894.0	7.0275197251	0.64246577485	72.29031750600001	100.17995511	0.0	0.018610111575
895.0	7.0275197251	0.64320441259	72.32409977100001	101.11110147	0.0	0.018631507471
896.0	7.0275197251	0.64394389954	72.35773504699999	102.04224784	0.0	0.018652927965
897.0	7.0275197251	0.64468423668	72.391223164	102.9733942	0.0	0.018674373087
898.0	7.0275197251	0.64542542497	72.424563955	103.90454056	0.0	0.018695842864
899.0	7.0275197251	0.6461674654	72.457757249	104.83568693	0.0	0.018717337324
900.0	7.0275197251	0.64691035895	72.490802877	105.76683329	0.0	0.018738856497
901.0	7.0275197251	0.6476541066	72.523700669	106.69797965	0.0	0.01876040041
902.0	7.0275197251	0.64839870933	72.55645045600001	107.62912602	0.0	0.018781969091
903.0	7.0275197251	0.64914416812	72.58905206600001	108.56027238	0.0	0.018803562571
904.0	7.0275197251	0.64989048397	72.62150533	109.49141874	0.0	0.018825180876
905.0	7.0275197251	0.65063765784	72.653810078	110.42256511	0.0	0.018846824035
906.0	7.0275197251	0.65138569073	72.685966138	111.35371147	0.0	0.018868492077
907.0	7.0275197251	0.65213458364	72.717973339	112.28485784	0.0	0.018890185031
908.0	7.0275197251	0.65288433753	72.74983151	113.21600420000001	0.0	0.018911902925
909.0	7.0275197251	0.65363495342	72.78154048100001	114.14715056	0.0	0.018933645788
910.0	7.0275197251	0.65438643228	72.813100079	115.07829693	0.0	0.018955413649
911.0	7.0275197251	0.65513877511	72.844510132	116.00944329	0.0	0.018977206536
912.0	7.0275197251	0.6558919829	72.87577047	116.94058965	0.0	0.018999024478
913.0	7.0275197251	0.65664605665	72.906880919	117.87173602	0.0	0.019020867504000002
914.0	7.0275197251	0.65740099735	72.937841307	118.80288238	0.0	0.019042735643
915.0	7.0275197251	0.658156806	72.968651463	119.73402874	0.0	0.019064628923
916.0	7.0275197251	0.6589134836	72.999311212	120.66517511	0.0	0.019086547374
917.0	7.0275197251	0.65967103115	73.029820382	121.59632147	0.0	0.019108491023999998
918.0	7.0275197251	0.66042944964	73.060178801	122.52746783	0.0	0.019130459903
919.0	7.0275197251	0.66118874008	73.090386294	123.4586142	0.0	0.019152454040000003
920.0	7.0275197251	0.66194890347	73.120442688	124.38976056	0.0	0.019174473462
921.0	7.0275197251	0.66270994081	73.15034781	125.32090693	0.0	0.019196518201
922.0	7.0275197251	0.66347185311	73.180101486	126.25205329	0.0	0.019218588283
923.0	7.0275197251	0.66423464137	73.20970354100001	127.18319965	0.0	0.01924068374
924.0	7.0275197251	0.66499830661	73.239153801	128.11434602	0.0	0.0192628046
925.0	7.0275197251	0.66576284983	73.268452091	129.04549238	0.0	0.019284950892
926.0	7.0275197251	0.66652827203	73.297598238	129.97663874	0.0	0.019307122645
927.0	7.0275197251	0.66729457424	73.326592065	130.90778511	0.0	0.019329319889
928.0	7.0275197251	0.66806175746	73.35543339899999	131.83893147	0.0	0.019351542653
929.0	7.0275197251	0.6688298227	73.384122063	132.77007783	0.0	0.019373790966
930.0	7.0275197251	0.66959877098	73.412657882	133.7012242	0.0	0.019396064858
931.0	7.0275197251	0.67036860331	73.44104068	134.63237056	0.0	0.019418364358
932.0	7.0275197251	0.67113932072	73.469270282	135.56351692	0.0	0.019440689496
933.0	7.0275197251	0.67191092421	73.49734651	136.49466329	0.0	0.019463040301
934.0	7.0275197251	0.67268341481	73.52526919	137.42580965	0.0	0.019485416802
935.0	7.0275197251	0.67345679353	73.553038144	138.35695602	0.0	0.019507819029
936.0	7.0275197251	0.6742310614	73.580653196	139.28810238	0.0	0.019530247012
937.0	7.0275197251	0.67500621944	73.60811416899999	140.21924874	0.0	0.019552700781
938.0	7.0275197251	0.67578226868	73.635420885	141.15039511	0.0	0.019575180364
939.0	7.0275197251	0.67655921013	73.662573167	142.08154147	0.0	0.019597685792
940.0	7.0275197251	0.67733704482	73.68957083800001	143.01268783	0.0	0.019620217094
941.0	7.0275197251	0.67811577379	73.716413719	143.9438342	0.0	0.0196427743
942.0	7.0275197251	0.67889539805	73.743101634	144.87498056	0.0	0.01966535744
943.0	7.0275197251	0.67967591864	73.769634404	145.80612692	0.0	0.019687966543
944.0	7.0275197251	0.68045733659	73.796011849	146.73727329	0.0	0.019710601641
945.0	7.0275197251	0.68123965293	73.822233793	147.66841965	0.0	0.019733262761
946.0	7.0275197251	0.68202286869	73.848300056	148.59956601	0.0	0.019755949935
947.0	7.0275197251	0.68280698491	73.874210459	149.53071238	0.0	0.019778663192
948.0	7.0275197251	0.68359200263	73.899964822	150.46185874	0.0	0.019801402563
949.0	7.0275197251	0.68437792287	73.92556296800001	151.39300511	0.0	0.019824168076
950.0	7.0275197251	0.68516474667	73.951004715	152.32415147	0.0	0.019846959763
951.0	7.0275197251	0.68595247508	73.976289884	153.25529783	0.0	0.019869777653
952.0	7.0275197251	0.68674110914	74.001418295	154.18644419999998	0.0	0.019892621777
953.0	7.0275197251	0.68753064988	74.026389768	155.11759056	0.0	0.019915492165
954.0	7.0275197251	0.68832109835	74.051204122	156.04873692	0.0	0.019938388847
955.0	7.0275197251	0.6891124556	74.075861177	156.97988329	0.0	0.019961311852
956.0	7.0275197251	0.68990472266	74.100360752	157.91102965	0.0	0.019984261212
957.0	7.0275197251	0.69069790058	74.124702666	158.84217601	0.0	0.020007236957
958.0	7.0275197251	0.69149199041	74.148886738	159.77332238	0.0	0.020030239117
959.0	7.0275197251	0.69228699321	74.172912785	160.70446874	0.0	0.020053267722
960.0	7.0275197251	0.69308291001	74.196780627	161.6356151	0.0	0.020076322803
961.0	7.0275197251	0.69387974187	74.220490082	162.56676147	0.0	0.02009940439
962.0	7.0275197251	0.69467748984	74.244040967	163.49790783	0.0	0.020122512514
963.0	7.0275197251	0.69547615497	74.26743309999999	164.4290542	0.0	0.020145647205000002
964.0	7.0275197251	0.69627573833	74.290666299	165.36020056	0.0	0.020168808494
965.0	7.0275197251	0.69707624096	74.313740381	166.29134692	0.0	0.020191996412
966.0	7.0275197251	0.69787766392	74.336655162	167.22249329	0.0	0.020215210988000002
967.0	7.0275197251	0.69868000827	74.35941046100001	168.15363965	0.0	0.020238452254000002
968.0	7.0275197251	0.69948327507	74.382006093	169.08478601	0.0	0.02026172024
969.0	7.0275197251	0.70028746537	74.404441875	170.01593238	0.0	0.020285014977
970.0	7.0275197251	0.70109258025	74.426717623	170.94707874	0.0	0.020308336495999998
971.0	7.0275197251	0.70189862077	74.448833153	171.87822509999998	0.0	0.020331684827
972.0	7.0275197251	0.70270558798	74.470788281	172.80937147	0.0	0.020355060002
973.0	7.0275197251	0.70351348296	74.492582823	173.74051783	0.0	0.020378462051
974.0	7.0275197251	0.70432230676	74.514216593	174.67166419	0.0	0.020401891006
975.0	7.0275197251	0.70513206047	74.535689408	175.60281056	0.0	0.020425346896
976.0	7.0275197251	0.70594274514	74.557001082	176.53395692	0.0	0.020448829754
977.0	7.0275197251	0.70675436185	74.578151429	177.46510329	0.0	0.020472339609000002
978.0	7.0275197251	0.70756691167	74.599140265	178.39624965	0.0	0.020495876494
979.0	7.0275197251	0.70838039567	74.619967403	179.32739601	0.0	0.020519440438
980.0	7.0275197251	0.70919481492	74.640632658	180.25854238	0.0	0.020543031474
981.0	7.0275197251	0.71001017051	74.661135844	181.18968874	0.0	0.020566649633
982.0	7.0275197251	0.71082646351	74.681476773	182.1208351	0.0	0.020590294945
983.0	7.0275197251	0.71164369499	74.701655261	183.05198147	0.0	0.020613967442
984.0	7.0275197251	0.71246186603	74.72167111899999	183.98312783	0.0	0.020637667155
985.0	7.0275197251	0.71328097772	74.741524161	184.91427419	0.0	0.020661394115
986.0	7.0275197251	0.71410103114	74.761214201	185.84542056	0.0	0.020685148354
987.0	7.0275197251	0.71492202736	74.780741049	186.77656692	0.0	0.020708929903
988.0	7.0275197251	0.71574396748	74.800104519	187.70771329	0.0	0.020732738793999998
989.0	7.0275197251	0.71656685258	74.819304423	188.63885965	0.0	0.020756575057
990.0	7.0275197251	0.71739068374	74.838340573	189.57000601	0.0	0.020780438725
991.0	7.0275197251	0.71821546205	74.857212781	190.50115238	0.0	0.020804329828000002
992.0	7.0275197251	0.7190411886	74.875920858	191.43229874	0.0	0.020828248399
993.0	7.0275197251	0.71986786449	74.894464615	192.36344509999998	0.0	0.020852194469999998
994.0	7.0275197251	0.7206954908	74.912843864	193.29459147	0.0	0.02087616807
995.0	7.0275197251	0.72152406862	74.931058415	194.22573783	0.0	0.020900169232999997
996.0	7.0275197251	0.72235359905	74.949108079	195.15688419	0.0	0.02092419799
997.0	7.0275197251	0.72318408319	74.96699266600001	196.08803056	0.0	0.020948254372
998.0	7.0275197251	0.72401552212	74.984711987	197.01917692	0.0	0.020972338412
999.0	7.0275197251	0.72484791696	0.0	0.0	0.0	0.0
